  -83794614.9882686548835974054606272242      
   392239375.554823039692184589832018547      
  -818574329.116277610234326826141307723      
   1002984744.49960066308568321346910212      
  -799063638.682214555838226086978961528      
   432471983.018094156301518255559928016      
  -160972514.577117516654084072481418620      
   40641710.8009220295892397679448187952      
  -6641576.42072589103823828833650863400      
   629898.242300985449442564939553531884      
  -25904.5518202499809588873097694663204      
  -19.2365343633078724799898213608936701      
   18.0084989934830194299721446649791899      
