           0  0.50000000000000000     
           1  0.25999999046325684     
           2  0.20009598789978036     
           3  0.16645988076152671     
           4  0.14430102311979023     
           5  0.12841736264990591     
           6  0.11640339309509522     
           7  0.10696778497433060     
           8   9.9346701426081194E-002
           9   9.3056008302237633E-002
          10   8.7772447906460868E-002
          11   8.3271180052398433E-002
          12   7.9390571338053745E-002
          13   7.6011214073423178E-002
          14   7.3042847105651940E-002
          15   7.0415890593206826E-002
          16   6.8075790165974051E-002
          17   6.5979133617522126E-002
          18   6.4090920695546366E-002
          19   6.2382603274960959E-002
          20   6.0830652415688663E-002
          21   5.9415493328717768E-002
          22   5.8120702048617051E-002
          23   5.6932391395404902E-002
          24   5.5838735925468834E-002
          25   5.4829600344405344E-002
          26   5.3896245904394666E-002
          27   5.3031096259910905E-002
          28   5.2227549137263130E-002
          29   5.1479823650044262E-002
          30   5.0782835600581409E-002
          31   5.0132094938469207E-002
          32   4.9523620898855848E-002
          33   4.8953871351181781E-002
          34   4.8419683648126800E-002
          35   4.7918224841253736E-002
          36   4.7446949571745653E-002
          37   4.7003564285924622E-002
          38   4.6585996690793073E-002
          39   4.6192369572917141E-002
          40   4.5820978268098903E-002
          41   4.5470271199559771E-002
          42   4.5138833006379601E-002
          43   4.4825369867465020E-002
          44   4.4528696693755462E-002
          45   4.4247725916094459E-002
          46   4.3981457640812273E-002
          47   4.3728970981616620E-002
          48   4.3489416406463428E-002
          49   4.3262008962931114E-002
          50   4.3046022266240533E-002
          51   4.2840783151236031E-002
          52   4.2645666903999992E-002
          53   4.2460093000818606E-002
          54   4.2283521292357282E-002
          55   4.2115448579469590E-002
          56   4.1955405534321269E-002
          57   4.1802953926679515E-002
          58   4.1657684120475956E-002
          59   4.1519212810246675E-002
          60   4.1387180970905886E-002
          61   4.1261251997621110E-002
          62   4.1141110015411334E-002
          63   4.1026458340554024E-002
          64   4.0917018078020860E-002
          65   4.0812526841014107E-002
          66   4.0712737580285860E-002
          67   4.0617417512326781E-002
          68   4.0526347136736744E-002
          69   4.0439319334163587E-002
          70   4.0356138537136862E-002
          71   4.0276619966950943E-002
          72   4.0200588930479432E-002
          73   4.0127880171445009E-002
          74   4.0058337271235700E-002
          75   3.9991812094860635E-002
          76   3.9928164278082802E-002
          77   3.9867260752161376E-002
          78   3.9808975302987201E-002
          79   3.9753188161707587E-002
          80   3.9699785624215445E-002
          81   3.9648659697126831E-002
          82   3.9599707768093517E-002
          83   3.9552832298496821E-002
          84   3.9507940536747686E-002
          85   3.9464944250578615E-002
          86   3.9423759476857501E-002
          87   3.9384306287583326E-002
          88   3.9346508570840932E-002
          89   3.9310293825597663E-002
          90   3.9275592969320337E-002
          91   3.9242340157477247E-002
          92   3.9210472614068161E-002
          93   3.9179930472396214E-002
          94   3.9150656625359812E-002
          95   3.9122596584601155E-002
          96   3.9095698347901178E-002
          97   3.9069912274258850E-002
          98   3.9045190966137067E-002
          99   3.9021489158397406E-002
         100   3.8998763613482638E-002
         101   3.8976973022439527E-002
         102   3.8956077911404978E-002
         103   3.8936040553206638E-002
         104   3.8916824883754829E-002
         105   3.8898396422926140E-002
         106   3.8880722199660621E-002
         107   3.8863770681014508E-002
         108   3.8847511704928457E-002
         109   3.8831916416488199E-002
         110   3.8816957207469957E-002
         111   3.8802607658977119E-002
         112   3.8788842486987919E-002
         113   3.8775637490645908E-002
         114   3.8762969503136215E-002
         115   3.8750816345001028E-002
         116   3.8739156779757054E-002
         117   3.8727970471686933E-002
         118   3.8717237945684442E-002
         119   3.8706940549041190E-002
         120   3.8697060415069380E-002
         121   3.8687580428461883E-002
         122   3.8678484192296907E-002
         123   3.8669755996600219E-002
         124   3.8661380788383118E-002
         125   3.8653344143079242E-002
         126   3.8645632237307964E-002
         127   3.8638231822896225E-002
         128   3.8631130202094750E-002
         129   3.8624315203928207E-002
         130   3.8617775161622438E-002
         131   3.8611498891054974E-002
         132   3.8605475670178219E-002
         133   3.8599695219367361E-002
         134   3.8594147682647927E-002
         135   3.8588823609760139E-002
         136   3.8583713939019715E-002
         137   3.8578809980936907E-002
         138   3.8574103402557604E-002
         139   3.8569586212492207E-002
         140   3.8565250746599888E-002
         141   3.8561089654297442E-002
         142   3.8557095885463605E-002
         143   3.8553262677911183E-002
         144   3.8549583545400785E-002
         145   3.8546052266171200E-002
         146   3.8542662871962889E-002
         147   3.8539409637511977E-002
         148   3.8536287070493551E-002
         149   3.8533289901893919E-002
         150   3.8530413076792558E-002
         151   3.8527651745535366E-002
         152   3.8525001255281840E-002
         153   3.8522457141909515E-002
         154   3.8520015122259846E-002
         155   3.8517671086710538E-002
         156   3.8515421092059902E-002
         157   3.8513261354709602E-002
         158   3.8511188244132750E-002
         159   3.8509198276615003E-002
         160   3.8507288109256681E-002
         161   3.8505454534224770E-002
         162   3.8503694473243873E-002
         163   3.8502004972315977E-002
         164   3.8500383196659153E-002
         165   3.8498826425855753E-002
         166   3.8497332049201312E-002
         167   3.8495897561245482E-002
         168   3.8494520557516905E-002
         169   3.8493198730424200E-002
         170   3.8491929865325611E-002
         171   3.8490711836760255E-002
         172   3.8489542604834066E-002
         173   3.8488420211754026E-002
         174   3.8487342778504394E-002
         175   3.8486308501659038E-002
         176   3.8485315650324120E-002
         177   3.8484362563205740E-002
         178   3.8483447645797343E-002
         179   3.8482569367681858E-002
         180   3.8481726259943790E-002
         181   3.8480916912686812E-002
         182   3.8480139972652358E-002
         183   3.8479394140935118E-002
         184   3.8478678170791397E-002
         185   3.8477990865536514E-002
         186   3.8477331076527593E-002
         187   3.8476697701228156E-002
         188   3.8476089681351307E-002
         189   3.8475506001078075E-002
         190   3.8474945685347990E-002
         191   3.8474407798218896E-002
         192   3.8473891441293082E-002
         193   3.8473395752207151E-002
         194   3.8472919903182905E-002
         195   3.8472463099636839E-002
         196   3.8472024578845777E-002
         197   3.8471603608666423E-002
         198   3.8471199486306590E-002
         199   3.8470811537146037E-002
         200   3.8470439113604857E-002
         201   3.8470081594057494E-002
         202   3.8469738381790568E-002
         203   3.8469408904002682E-002
         204   3.8469092610844538E-002
         205   3.8468788974497695E-002
         206   3.8468497488290461E-002
         207   3.8468217665849333E-002
         208   3.8467949040284645E-002
         209   3.8467691163408903E-002
         210   3.8467443604986641E-002
         211   3.8467205952014402E-002
         212   3.8466977808029712E-002
         213   3.8466758792447757E-002
         214   3.8466548539924816E-002
         215   3.8466346699747203E-002
         216   3.8466152935244795E-002
         217   3.8465966923228123E-002
         218   3.8465788353448049E-002
         219   3.8465616928077144E-002
         220   3.8465452361211912E-002
         221   3.8465294378394972E-002
         222   3.8465142716156447E-002
         223   3.8464997121573717E-002
         224   3.8464857351848875E-002
         225   3.8464723173903134E-002
         226   3.8464594363987491E-002
         227   3.8464470707309018E-002
         228   3.8464351997672140E-002
         229   3.8464238037134273E-002
         230   3.8464128635675339E-002
         231   3.8464023610880471E-002
         232   3.8463922787635454E-002
         233   3.8463825997834385E-002
         234   3.8463733080099038E-002
         235   3.8463643879509513E-002
         236   3.8463558247345618E-002
         237   3.8463476040838669E-002
         238   3.8463397122933229E-002
         239   3.8463321362058357E-002
         240   3.8463248631908080E-002
         241   3.8463178811230583E-002
         242   3.8463111783625936E-002
         243   3.8463047437351863E-002
         244   3.8462985665137284E-002
         245   3.8462926364003371E-002
         246   3.8462869435091758E-002
         247   3.8462814783499590E-002
         248   3.8462762318121221E-002
         249   3.8462711951496253E-002
         250   3.8462663599663639E-002
         251   3.8462617182021618E-002
         252   3.8462572621193306E-002
         253   3.8462529842897601E-002
         254   3.8462488775825351E-002
         255   3.8462449351520364E-002
         256   3.8462411504265284E-002
         257   3.8462375170971952E-002
         258   3.8462340291076237E-002
         259   3.8462306806437023E-002
         260   3.8462274661239235E-002
         261   3.8462243801900789E-002
         262   3.8462214176983235E-002
         263   3.8462185737105969E-002
         264   3.8462158434863933E-002
         265   3.8462132224748521E-002
         266   3.8462107063071738E-002
         267   3.8462082907893325E-002
         268   3.8462059718950857E-002
         269   3.8462037457592607E-002
         270   3.8462016086713090E-002
         271   3.8461995570691208E-002
         272   3.8461975875330873E-002
         273   3.8461956967803967E-002
         274   3.8461938816595632E-002
         275   3.8461921391451728E-002
         276   3.8461904663328390E-002
         277   3.8461888604343603E-002
         278   3.8461873187730741E-002
         279   3.8461858387793917E-002
         280   3.8461844179865166E-002
         281   3.8461830540263309E-002
         282   3.8461817446254480E-002
         283   3.8461804876014243E-002
         284   3.8461792808591189E-002
         285   3.8461781223872026E-002
         286   3.8461770102548018E-002
         287   3.8461759426082848E-002
         288   3.8461749176681694E-002
         289   3.8461739337261547E-002
         290   3.8461729891422769E-002
         291   3.8461720823421724E-002
         292   3.8461712118144566E-002
         293   3.8461703761082024E-002
         294   3.8461695738305220E-002
         295   3.8461688036442461E-002
         296   3.8461680642656947E-002
         297   3.8461673544625354E-002
         298   3.8461666730517319E-002
         299   3.8461660188975719E-002
         300   3.8461653909097712E-002
         301   3.8461647880416588E-002
         302   3.8461642092884336E-002
         303   3.8461636536854860E-002
         304   3.8461631203067927E-002
         305   3.8461626082633718E-002
         306   3.8461621167018019E-002
         307   3.8461616448027987E-002
         308   3.8461611917798511E-002
         309   3.8461607568779088E-002
         310   3.8461603393721240E-002
         311   3.8461599385666435E-002
         312   3.8461595537934490E-002
         313   3.8461591844112429E-002
         314   3.8461588298043803E-002
         315   3.8461584893818429E-002
         316   3.8461581625762534E-002
         317   3.8461578488429293E-002
         318   3.8461575476589759E-002
         319   3.8461572585224153E-002
         320   3.8461569809513485E-002
         321   3.8461567144831538E-002
         322   3.8461564586737128E-002
         323   3.8461562130966735E-002
         324   3.8461559773427370E-002
         325   3.8461557510189766E-002
         326   3.8461555337481843E-002
         327   3.8461553251682393E-002
         328   3.8461551249315065E-002
         329   3.8461549327042557E-002
         330   3.8461547481661064E-002
         331   3.8461545710094934E-002
         332   3.8461544009391543E-002
         333   3.8461542376716368E-002
         334   3.8461540809348271E-002
         335   3.8461539304674969E-002
         336   3.8461537860188653E-002
         337   3.8461536473481842E-002
         338   3.8461535142243347E-002
         339   3.8461533864254431E-002
         340   3.8461532637385110E-002
         341   3.8461531459590588E-002
         342   3.8461530328907867E-002
         343   3.8461529243452489E-002
         344   3.8461528201415338E-002
         345   3.8461527201059692E-002
         346   3.8461526240718288E-002
         347   3.8461525318790546E-002
         348   3.8461524433739923E-002
         349   3.8461523584091335E-002
         350   3.8461522768428694E-002
         351   3.8461521985392558E-002
         352   3.8461521233677867E-002
         353   3.8461520512031763E-002
         354   3.8461519819251506E-002
         355   3.8461519154182458E-002
         356   3.8461518515716164E-002
         357   3.8461517902788518E-002
         358   3.8461517314377976E-002
         359   3.8461516749503849E-002
         360   3.8461516207224690E-002
         361   3.8461515686636687E-002
         362   3.8461515186872193E-002
         363   3.8461514707098271E-002
         364   3.8461514246515303E-002
         365   3.8461513804355647E-002
         366   3.8461513379882371E-002
         367   3.8461512972388021E-002
         368   3.8461512581193437E-002
         369   3.8461512205646628E-002
         370   3.8461511845121685E-002
         371   3.8461511499017734E-002
         372   3.8461511166757931E-002
         373   3.8461510847788517E-002
         374   3.8461510541577877E-002
         375   3.8461510247615648E-002
         376   3.8461509965411901E-002
         377   3.8461509694496299E-002
         378   3.8461509434417319E-002
         379   3.8461509184741491E-002
         380   3.8461508945052687E-002
         381   3.8461508714951430E-002
         382   3.8461508494054220E-002
         383   3.8461508281992886E-002
         384   3.8461508078414003E-002
         385   3.8461507882978273E-002
         386   3.8461507695359956E-002
         387   3.8461507515246372E-002
         388   3.8461507342337324E-002
         389   3.8461507176344632E-002
         390   3.8461507016991650E-002
         391   3.8461506864012777E-002
         392   3.8461506717153059E-002
         393   3.8461506576167717E-002
         394   3.8461506440821788E-002
         395   3.8461506310889688E-002
         396   3.8461506186154869E-002
         397   3.8461506066409447E-002
         398   3.8461505951453832E-002
         399   3.8461505841096442E-002
         400   3.8461505735153341E-002
         401   3.8461505633447954E-002
         402   3.8461505535810785E-002
         403   3.8461505442079102E-002
         404   3.8461505352096678E-002
         405   3.8461505265713548E-002
         406   3.8461505182785745E-002
         407   3.8461505103175045E-002
         408   3.8461505026748777E-002
         409   3.8461504953379556E-002
         410   3.8461504882945106E-002
         411   3.8461504815328028E-002
         412   3.8461504750415633E-002
         413   3.8461504688099724E-002
         414   3.8461504628276452E-002
         415   3.8461504570846114E-002
         416   3.8461504515712987E-002
         417   3.8461504462785179E-002
         418   3.8461504411974483E-002
         419   3.8461504363196210E-002
         420   3.8461504316369070E-002
         421   3.8461504271415016E-002
         422   3.8461504228259120E-002
         423   3.8461504186829455E-002
         424   3.8461504147056971E-002
         425   3.8461504108875395E-002
         426   3.8461504072221077E-002
         427   3.8461504037032933E-002
         428   3.8461504003252309E-002
         429   3.8461503970822909E-002
         430   3.8461503939690687E-002
         431   3.8461503909803754E-002
         432   3.8461503881112295E-002
         433   3.8461503853568495E-002
         434   3.8461503827126445E-002
         435   3.8461503801742077E-002
         436   3.8461503777373084E-002
         437   3.8461503753978839E-002
         438   3.8461503731520373E-002
         439   3.8461503709960244E-002
         440   3.8461503689262516E-002
         441   3.8461503669392702E-002
         442   3.8461503650317669E-002
         443   3.8461503632005643E-002
         444   3.8461503614426101E-002
         445   3.8461503597549733E-002
         446   3.8461503581348422E-002
         447   3.8461503565795162E-002
         448   3.8461503550864036E-002
         449   3.8461503536530148E-002
         450   3.8461503522769620E-002
         451   3.8461503509559514E-002
         452   3.8461503496877811E-002
         453   3.8461503484703376E-002
         454   3.8461503473015919E-002
         455   3.8461503461795957E-002
         456   3.8461503451024795E-002
         457   3.8461503440684469E-002
         458   3.8461503430757771E-002
         459   3.8461503421228130E-002
         460   3.8461503412079677E-002
         461   3.8461503403297161E-002
         462   3.8461503394865953E-002
         463   3.8461503386771984E-002
         464   3.8461503379001775E-002
         465   3.8461503371542374E-002
         466   3.8461503364381346E-002
         467   3.8461503357506761E-002
         468   3.8461503350907159E-002
         469   3.8461503344571539E-002
         470   3.8461503338489349E-002
         471   3.8461503332650443E-002
         472   3.8461503327045093E-002
         473   3.8461503321663960E-002
         474   3.8461503316498072E-002
         475   3.8461503311538817E-002
         476   3.8461503306777930E-002
         477   3.8461503302207482E-002
         478   3.8461503297819853E-002
         479   3.8461503293607729E-002
         480   3.8461503289564089E-002
         481   3.8461503285682194E-002
         482   3.8461503281955571E-002
         483   3.8461503278378023E-002
         484   3.8461503274943562E-002
         485   3.8461503271646484E-002
         486   3.8461503268481294E-002
         487   3.8461503265442711E-002
         488   3.8461503262525669E-002
         489   3.8461503259725312E-002
         490   3.8461503257036969E-002
         491   3.8461503254456159E-002
         492   3.8461503251978571E-002
         493   3.8461503249600092E-002
         494   3.8461503247316751E-002
         495   3.8461503245124748E-002
         496   3.8461503243020424E-002
         497   3.8461503241000269E-002
         498   3.8461503239060925E-002
         499   3.8461503237199150E-002
         500   3.8461503235411851E-002
