  0.46556425094604492        4.6389222145080566E-002
   3.5318815708160400       0.15118026733398438     
   1.6819474697113037       0.25957649946212769     
   2.3095445632934570       0.44378453493118286     
   3.7693605422973633       0.32764762639999390     
  0.97264957427978516       0.43258160352706909     
   2.2005071640014648       0.53894400596618652     
   2.7569210529327393       0.47383213043212891     
   1.9057056903839111        2.8621673583984375E-002
   3.8495826721191406        8.8309347629547119E-002
   1.3766882419586182       0.19784265756607056     
  0.24596714973449707       0.86758100986480713     
  0.41570258140563965       0.61523252725601196     
  0.35051512718200684       0.68091058731079102     
   3.5782456398010254       0.12117964029312134     
   3.1299700736999512       0.36482775211334229     
   2.9278252124786377       0.62377399206161499     
   3.0484740734100342       0.60161840915679932     
   3.9170022010803223       0.19198870658874512     
   2.4789509773254395       0.42958730459213257     
  0.60158944129943848       0.80816084146499634     
  0.69611740112304688       0.47759914398193359     
   1.6185915470123291        6.1176538467407227E-002
   1.5379798412322998       0.45946216583251953     
   2.5006508827209473       0.16597467660903931     
   1.4624824523925781       0.45494347810745239     
   1.4633564949035645       0.29381179809570312     
  0.38860177993774414       0.78905391693115234     
   1.2683968544006348       0.54236376285552979     
   1.5626790523529053        1.4346420764923096E-002
   1.9763147830963135       0.58281606435775757     
   4.9345016479492188E-002  0.61428767442703247     
   3.3955497741699219       0.14262050390243530     
   2.3083229064941406       0.81320518255233765     
   1.5235435962677002       0.62365549802780151     
   2.4443914890289307       0.11452519893646240     
  0.66784501075744629       0.82146680355072021     
   1.4670360088348389        4.6345770359039307E-002
   3.2096452713012695       0.36668038368225098     
   2.2636592388153076       0.73040211200714111     
   2.2238347530364990       0.18064838647842407     
   2.8314342498779297       0.68870514631271362     
   1.8665428161621094       0.12886029481887817     
   1.7469968795776367       0.84753000736236572     
   3.4497544765472412       0.17548179626464844     
   2.2318902015686035       0.79013574123382568     
   2.6276853084564209       0.25450479984283447     
   2.3137500286102295       0.33162909746170044     
   1.1427402496337891E-002  0.21760582923889160     
   1.3505704402923584       0.15042358636856079     
   3.9119722843170166        8.3613574504852295E-002
   1.6835572719573975       0.57983362674713135     
   1.2325904369354248        4.3841302394866943E-002
  0.81832695007324219       0.88716459274291992     
  0.13774228096008301       0.16784691810607910     
  0.45684909820556641       0.84427756071090698     
  0.59237313270568848       0.91851228475570679     
  0.80590319633483887       0.33947700262069702     
   8.2972764968872070E-002   6.6316127777099609E-003
   2.3520267009735107       0.29490464925765991     
   3.8202898502349854       0.14454138278961182     
   1.5560312271118164       0.60684180259704590     
   1.6879303455352783       0.30445516109466553     
   1.9932630062103271       0.84169429540634155     
   2.0122976303100586       0.11770617961883545     
   2.3173396587371826       0.25095188617706299     
   1.2014789581298828       0.31631964445114136     
   2.6790771484375000       0.57478153705596924     
  0.62150120735168457       0.34165745973587036     
  0.34051299095153809       0.13756841421127319     
   1.6523244380950928       0.12753939628601074     
   2.3353991508483887       0.31416606903076172     
  0.32161188125610352       0.23843932151794434     
   1.6728410720825195       0.35561484098434448     
   8.8732957839965820E-002  0.88578033447265625     
   1.5401182174682617       0.64964073896408081     
   2.2775778770446777       0.34070479869842529     
   2.1170535087585449       0.83109956979751587     
   2.9932975769042969E-002  0.56186109781265259     
   1.7990317344665527       0.87617111206054688     
  0.53235888481140137       0.16560375690460205     
   8.2990169525146484E-002  0.89439344406127930     
   2.1516821384429932       0.10544735193252563     
  0.83529829978942871       0.95228219032287598     
   1.5104742050170898       0.80224174261093140     
   1.7897467613220215       0.35655975341796875     
  0.95984554290771484       0.39479196071624756     
   3.1283690929412842       0.22592669725418091     
  0.35281634330749512       0.27742904424667358     
  0.65021586418151855       0.38252550363540649     
   2.2240476608276367       0.72220003604888916     
  0.51968336105346680       0.51083689928054810     
   2.2881503105163574        9.7678959369659424E-002
   1.8387975692749023       0.48501682281494141     
   1.2223505973815918       0.83867007493972778     
   2.4540762901306152       0.45077311992645264     
   2.8865847587585449       0.31532084941864014     
  0.99111413955688477       0.29144012928009033     
  0.15638637542724609       0.75214380025863647     
   2.5061209201812744       0.11141765117645264     
   2.4216966629028320       0.67696630954742432     
   3.9161078929901123       0.20276117324829102     
   2.2503943443298340       0.62407070398330688     
   1.1633527278900146       0.71951591968536377     
   3.1240601539611816       0.33160781860351562     
   3.1825485229492188       0.32891792058944702     
   2.3100395202636719       0.41770315170288086     
   1.3917565345764160       0.76116186380386353     
   1.1137669086456299       0.83615666627883911     
  0.27449822425842285       0.11814707517623901     
   1.7503898143768311       0.55305886268615723     
   2.5612530708312988       0.50326079130172729     
  0.54094767570495605       0.45538139343261719     
  0.59690380096435547        5.1221549510955811E-002
   2.3063886165618896       0.74589186906814575     
   1.1987535953521729       0.67250001430511475     
  0.25547432899475098       0.53022444248199463     
   6.9846630096435547E-002  0.43148267269134521     
   1.2779312133789062       0.34427016973495483     
   1.8405725955963135       0.13556230068206787     
  0.59721827507019043       0.75790035724639893     
  0.26351141929626465       0.37098586559295654     
   2.2238626480102539       0.51700538396835327     
   2.3629186153411865       0.50556194782257080     
  0.29526972770690918       0.28250992298126221     
  0.24909472465515137       0.80738526582717896     
  0.40074348449707031       0.77924871444702148     
   3.4249744415283203       0.34021598100662231     
  0.92006826400756836        7.4223518371582031E-002
  0.57000470161437988       0.28534442186355591     
   3.6197917461395264        8.3786249160766602E-003
   3.2917320728302002       0.35748648643493652     
  0.79258942604064941       0.60950106382369995     
   1.3299441337585449       0.15306019783020020     
   2.3734591007232666       0.27913796901702881     
   1.6543548107147217       0.27850842475891113     
   3.1492707729339600       0.11508315801620483     
   3.5493068695068359       0.14001786708831787     
   3.6998779773712158       0.18136930465698242     
   1.4878888130187988       0.31777429580688477     
  0.84094643592834473       0.74220770597457886     
  0.47044062614440918       0.51069605350494385     
  0.79498720169067383       0.31360268592834473     
   2.4551036357879639       0.23651069402694702     
   1.3213298320770264       0.27202194929122925     
   3.3073444366455078       0.25999683141708374     
  0.78478193283081055       0.74010580778121948     
   2.7080736160278320       0.60872960090637207     
   8.8337659835815430E-002  0.34665060043334961     
   2.2990612983703613       0.20909941196441650     
   3.1691501140594482       0.47888547182083130     
   1.9148805141448975       0.73127651214599609     
   3.8816454410552979        9.0486764907836914E-002
  0.31640768051147461       0.47344815731048584     
   3.2068593502044678       0.27163779735565186     
   2.5708677768707275       0.60968655347824097     
   2.2262685298919678       0.21763557195663452     
  0.10040068626403809        6.9970726966857910E-002
   1.9292621612548828       0.26136171817779541     
   2.5688185691833496       0.10735887289047241     
   2.8846921920776367       0.17825484275817871     
  0.31785821914672852       0.79145175218582153     
  0.59121894836425781       0.39087313413619995     
   6.4037322998046875E-002  0.87203472852706909     
   2.2637631893157959       0.29492110013961792     
  0.67392945289611816       0.45298033952713013     
   1.3071205615997314       0.47498953342437744     
   3.7004725933074951       0.25076490640640259     
   2.8838090896606445       0.55548959970474243     
  0.56020379066467285       0.88590455055236816     
   3.1737618446350098       0.31547844409942627     
  0.67136812210083008        1.6559422016143799E-002
   1.3803849220275879       0.89738857746124268     
   1.8910198211669922       0.24305677413940430     
   2.0756332874298096        6.0676753520965576E-002
  0.36099219322204590       0.40408396720886230     
   2.0808622837066650       0.16301387548446655     
   3.8328285217285156        6.4596891403198242E-002
   1.0840778350830078       0.25633949041366577     
  0.75688838958740234       0.93523222208023071     
   1.8503122329711914       0.77964496612548828     
   1.0153820514678955       0.34200149774551392     
   2.5803976058959961       0.32317912578582764     
   1.3937461376190186        3.0673444271087646E-002
   1.3989460468292236       0.24372702836990356     
   3.5501935482025146       0.36617553234100342     
  0.35935306549072266       0.93333482742309570     
   2.1145989894866943       0.25942218303680420     
   1.6183333396911621       0.63323163986206055     
   1.2195246219635010       0.48448556661605835     
  0.76584529876708984       0.61788749694824219     
   1.3623802661895752       0.74770700931549072     
   2.4076099395751953       0.29545462131500244     
   1.5054841041564941       0.58899801969528198     
   1.3926248550415039       0.82778882980346680     
   7.1419477462768555E-002  0.33131593465805054     
   2.1523089408874512       0.23408186435699463     
  0.67131328582763672       0.35205715894699097     
   1.8664445877075195       0.40318018198013306     
   3.7615640163421631       0.10523658990859985     
   1.0202107429504395       0.66205108165740967     
   4.5824766159057617E-002  0.61716318130493164     
   3.5070557594299316       0.17127889394760132     
   2.2328033447265625       0.78415161371231079     
   3.7088224887847900       0.14067453145980835     
   1.6355211734771729       0.14878463745117188     
   3.8235597610473633       0.18253672122955322     
  0.28925991058349609       0.13627564907073975     
  0.86376643180847168       0.56801712512969971     
   2.9243404865264893       0.35192209482192993     
  0.84088373184204102       0.66037017107009888     
  0.18282890319824219       0.91685390472412109     
  0.50178146362304688       0.90820080041885376     
   3.9074180126190186       0.20340460538864136     
   3.1010713577270508       0.45156395435333252     
  0.24590921401977539       0.80990636348724365     
   3.4603226184844971       0.12429499626159668     
   1.7174620628356934       0.51288944482803345     
   2.3678133487701416       0.54420310258865356     
   1.6858682632446289       0.49956637620925903     
  0.14939475059509277       0.32929915189743042     
   3.0433743000030518       0.22320091724395752     
   2.7924637794494629       0.50210475921630859     
   1.3473377227783203        9.1752529144287109E-002
  0.65935373306274414       0.24356216192245483     
   1.4254384040832520       0.10389357805252075     
  0.22390127182006836       0.38897234201431274     
   2.2135391235351562        3.0522525310516357E-002
   2.1564495563507080       0.15720593929290771     
  0.81605339050292969       0.25540322065353394     
   1.9876253604888916       0.50957518815994263     
   1.3739252090454102       0.62533193826675415     
  0.93298292160034180       0.12375092506408691     
   1.4084753990173340       0.87357640266418457     
   1.1440427303314209       0.83799040317535400     
   1.6331448554992676       0.85255104303359985     
  0.84481549263000488       0.42924833297729492     
   2.7707238197326660       0.32713675498962402     
   3.5890696048736572       0.37698286771774292     
  0.79474997520446777       0.93428343534469604     
   1.7200534343719482       0.82830393314361572     
   2.1215813159942627        7.8611791133880615E-002
  0.97441387176513672       0.87654972076416016     
   1.9782862663269043       0.79416954517364502     
   1.4442212581634521       0.22526997327804565     
   1.9039974212646484       0.59145247936248779     
   2.0872688293457031       0.42273724079132080     
   1.0281293392181396       0.33175015449523926     
   2.4111781120300293       0.53824520111083984     
  0.84967470169067383       0.53551942110061646     
  0.98689627647399902       0.34627515077590942     
   2.4625904560089111       0.64304763078689575     
   3.3388297557830811       0.16592669486999512     
   2.6420519351959229       0.39313197135925293     
   1.8646862506866455        6.6563785076141357E-002
  0.70282530784606934       0.10349267721176147     
   2.5295124053955078       0.29209929704666138     
   2.1330940723419189       0.43245607614517212     
   3.1541180610656738       0.44825696945190430     
   1.5936818122863770       0.64225935935974121     
   3.0585763454437256       0.15443199872970581     
   1.3023214340209961        8.4716081619262695E-003
   2.2636175155639648E-002  0.69136703014373779     
  0.70092320442199707        3.3848464488983154E-002
   3.0859572887420654       0.44866353273391724     
   3.5319068431854248       0.14427840709686279     
   1.5518469810485840       0.48002296686172485     
   1.5691764354705811       0.68606609106063843     
   1.4881112575531006       0.51822257041931152     
  0.90382885932922363       0.56863379478454590     
   3.0648553371429443       0.47269535064697266     
   1.6473312377929688       0.48674339056015015     
  0.59368872642517090       0.68903559446334839     
   1.0846798419952393       0.60232734680175781     
   1.8053855895996094       0.88306289911270142     
  0.23009777069091797       0.17293983697891235     
   2.0382034778594971        9.0038895606994629E-002
   1.5844094753265381        9.2836558818817139E-002
   1.1457099914550781       0.94388240575790405     
   3.2904789447784424       0.51777100563049316     
   1.4258799552917480       0.31129050254821777     
   2.4455423355102539       0.35361367464065552     
  0.64134383201599121       0.55107271671295166     
   3.0493113994598389       0.10659360885620117     
  0.81395816802978516       0.52338176965713501     
  0.63980555534362793       0.58137238025665283     
   1.2100217342376709       0.45980876684188843     
  0.78632068634033203       0.32681363821029663     
   1.4107279777526855       0.72312229871749878     
   1.4228951930999756        7.6017260551452637E-002
  0.44230151176452637       0.51089423894882202     
  0.50704383850097656       0.14967900514602661     
   1.8850495815277100       0.22575122117996216     
  0.30713248252868652       0.57364898920059204     
   1.8050043582916260       0.12717902660369873     
   2.6582262516021729       0.57772982120513916     
  0.30860304832458496       0.46752721071243286     
   3.5722389221191406       0.12806546688079834     
   2.1664381027221680E-002  0.79560667276382446     
   2.2371802330017090       0.63386696577072144     
  0.33553194999694824       0.78795039653778076     
   1.4357626438140869       0.21650195121765137     
  0.67498302459716797       0.59726542234420776     
   2.9149534702301025        8.4566771984100342E-002
   1.6452775001525879       0.42371457815170288     
   1.0099756717681885       0.64690297842025757     
  0.91604328155517578       0.56217563152313232     
   2.2321932315826416       0.49740707874298096     
   2.1870851516723633       0.57656049728393555     
   3.0502254962921143       0.56759589910507202     
   1.0989189147949219E-002  0.55832499265670776     
   1.5911321640014648       0.65879887342453003     
   2.3292450904846191       0.13140583038330078     
  0.48319005966186523       0.26661604642868042     
  0.29258847236633301       0.20559197664260864     
   1.5187134742736816       0.45414108037948608     
   1.2470731735229492       0.62116640806198120     
  0.35842776298522949       0.76101154088973999     
   1.1994142532348633       0.85324829816818237     
   1.4613001346588135       0.56487834453582764     
  0.58986377716064453       0.27916038036346436     
   1.0939335823059082       0.84070831537246704     
  0.53795790672302246       0.79127818346023560     
   3.2289829254150391       0.37578767538070679     
   2.7897291183471680       0.35584527254104614     
  0.98485040664672852       0.11640191078186035     
  0.42238616943359375       0.43497616052627563     
  0.36892461776733398       0.79692065715789795     
   1.2291898727416992       0.62959694862365723     
   2.1276566982269287       0.80670100450515747     
   1.7343919277191162       0.89797151088714600     
   3.7589190006256104        6.0905814170837402E-002
  0.31842112541198730       0.69016373157501221     
   3.6813688278198242       0.12252217531204224     
   2.9412658214569092       0.31820863485336304     
   2.1703629493713379       0.52210605144500732     
  0.71869111061096191       0.24166697263717651     
  0.70924329757690430       0.83699762821197510     
   3.4453592300415039        9.4791233539581299E-002
   2.5521180629730225       0.41416192054748535     
  0.17490434646606445       0.29064172506332397     
   1.1603753566741943       0.64503496885299683     
   1.9835269451141357       0.51832932233810425     
   1.7075998783111572       0.16699427366256714     
   3.4598615169525146       0.32766312360763550     
  0.30730772018432617       0.81767833232879639     
   1.6345746517181396       0.52563393115997314     
  0.68628549575805664       0.19077306985855103     
   3.8115315437316895       0.25804686546325684     
   3.1623852252960205       0.28195059299468994     
   2.1796813011169434       0.71583437919616699     
   1.0011937618255615       0.68403458595275879     
  0.76957392692565918       0.77692395448684692     
  0.95132637023925781       0.15103083848953247     
  0.18918514251708984       0.55831658840179443     
   2.1853933334350586        4.9074590206146240E-002
   1.8587903976440430       0.43157064914703369     
  0.47630524635314941       0.19077086448669434     
   1.9598407745361328       0.80619299411773682     
   2.9189615249633789        5.8215260505676270E-002
   1.7041316032409668        3.1823694705963135E-002
   2.7789809703826904       0.63866448402404785     
   3.5011973381042480       0.26894116401672363     
   1.4424774646759033       0.21797156333923340     
   2.0906484127044678       0.54813295602798462     
   1.3875868320465088       0.48691684007644653     
   4.5878171920776367E-002  0.25910949707031250     
  0.49689841270446777       0.57062053680419922     
   1.0158641338348389       0.14141774177551270     
   3.5443305969238281E-002  0.37745594978332520     
   2.0683467388153076       0.23414647579193115     
   2.9938549995422363       0.22352319955825806     
   2.0072300434112549       0.11315995454788208     
   2.6605837345123291       0.32213681936264038     
   3.9563562870025635        6.6244184970855713E-002
   1.1569049358367920        2.3766875267028809E-002
  0.35032868385314941       0.21243053674697876     
   2.4079308509826660       0.20144021511077881     
   1.3223824501037598       0.15224194526672363     
  0.71132326126098633       0.36909121274948120     
   1.9158611297607422       0.20093792676925659     
   2.2365117073059082        2.5031447410583496E-002
   1.1124253273010254       0.82836866378784180     
   2.9532542228698730       0.12693238258361816     
   2.7284312248229980       0.34108448028564453     
   2.6251828670501709       0.16455411911010742     
   3.4748837947845459       0.30138462781906128     
   2.5813620090484619       0.16243350505828857     
   1.6408135890960693       0.62621337175369263     
  0.69751787185668945       0.32822650671005249     
  0.97344899177551270       0.53606116771697998     
   3.7374379634857178       0.25263714790344238     
   2.4155929088592529        4.7456741333007812E-002
   1.1008422374725342       0.67143082618713379     
  0.79873824119567871       0.93444448709487915     
  0.59658503532409668       0.14943009614944458     
  0.85518813133239746       0.75434547662734985     
   2.6991999149322510       0.13759559392929077     
  0.42031717300415039       0.74911761283874512     
   1.3801620006561279       0.33461844921112061     
   1.1973843574523926       0.54351747035980225     
  0.96570396423339844       0.20702618360519409     
   1.9158656597137451       0.32992810010910034     
   2.0517606735229492       0.13332468271255493     
   2.0180697441101074       0.18306434154510498     
   1.0795643329620361       0.58038824796676636     
  0.10679078102111816       0.24329811334609985     
   1.7619130611419678       0.27955257892608643     
  0.85598587989807129       0.13035130500793457     
   1.6849224567413330       0.37653869390487671     
   1.5475711822509766       0.35871595144271851     
   1.3677494525909424       0.14972633123397827     
   2.2267284393310547       0.62769597768783569     
   3.4283380508422852       0.46425193548202515     
  0.58358955383300781       0.24766367673873901     
   1.8566651344299316       0.14472723007202148     
   3.1386537551879883       0.36330670118331909     
   1.8162930011749268       0.36067074537277222     
   1.9725728034973145       0.62809187173843384     
   3.1475467681884766        7.9985618591308594E-002
   1.9867424964904785       0.74876922369003296     
   1.8568000793457031       0.26874673366546631     
   2.6592397689819336       0.74034386873245239     
   2.1139078140258789       0.60895866155624390     
   2.8255145549774170       0.12910914421081543     
  0.65050816535949707        1.4723241329193115E-002
   1.7070312500000000       0.72216111421585083     
   2.4887595176696777       0.67953497171401978     
   2.9771595001220703        1.7836451530456543E-002
  0.16574811935424805       0.12969690561294556     
   1.3346381187438965       0.49202334880828857     
   3.1343715190887451       0.24133396148681641     
  0.50801825523376465       0.69715923070907593     
   2.0349519252777100       0.25323897600173950     
   2.6601817607879639       0.45277869701385498     
   1.5947422981262207       0.43550407886505127     
  0.35460805892944336       0.24147427082061768     
  0.76370477676391602       0.47773998975753784     
  0.64529633522033691       0.27526104450225830     
   1.2204635143280029        9.9981367588043213E-002
   2.9826469421386719       0.12470114231109619     
   1.3947229385375977       0.38339871168136597     
  0.52846837043762207       0.23303550481796265     
   1.9805152416229248       0.47804248332977295     
   2.0196602344512939       0.71893501281738281     
   1.4593503475189209       0.87470591068267822     
   1.9974477291107178       0.15984034538269043     
   3.2156867980957031       0.46104866266250610     
   3.1269323825836182       0.23787468671798706     
   2.0458867549896240       0.85151779651641846     
   2.2873113155364990       0.73203349113464355     
   1.2300059795379639       0.90606439113616943     
   1.4304885864257812       0.78763848543167114     
   3.0795521736145020       0.23731416463851929     
  0.37526488304138184       0.55204069614410400     
   1.0268244743347168       0.87026345729827881     
  0.40578293800354004       0.40211474895477295     
  0.53930211067199707       0.91609102487564087     
  0.56458663940429688       0.47731310129165649     
   2.4251675605773926       0.40306645631790161     
  0.27694177627563477       0.30492866039276123     
   2.3962156772613525       0.63798099756240845     
   1.4367485046386719       0.19323825836181641     
  0.10229659080505371       0.88089805841445923     
   1.3523313999176025       0.60966873168945312     
   2.2610626220703125        2.8710961341857910E-002
   3.2638556957244873       0.15120267868041992     
   3.2369773387908936       0.56909072399139404     
   2.9142856597900391E-002  0.97863227128982544     
   1.2801260948181152       0.89583736658096313     
  0.33826231956481934       0.73103773593902588     
  0.82147049903869629       0.22864043712615967     
  0.20718789100646973       0.50985449552536011     
   1.2918696403503418       0.89593857526779175     
   2.1571660041809082       0.65587908029556274     
   1.9148652553558350       0.71853607892990112     
   2.5419604778289795       0.17264842987060547     
   1.0853137969970703       0.33386647701263428     
   1.1775445938110352        6.3135564327239990E-002
   2.3035743236541748       0.19259488582611084     
   2.9686903953552246       0.13749819993972778     
  0.10837149620056152       0.32524818181991577     
  0.78490757942199707       0.69467151165008545     
   3.4407730102539062       0.10318714380264282     
  0.84168982505798340       0.91842079162597656     
  0.12392497062683105       0.87391602993011475     
   2.1087009906768799       0.23236811161041260     
   3.4547064304351807       0.29373329877853394     
  0.25619745254516602        7.3748230934143066E-003
   2.0012903213500977       0.61091607809066772     
  0.77401137351989746       0.52665275335311890     
   1.2115583419799805       0.23629260063171387     
   2.4702515602111816       0.14551043510437012     
   2.6555986404418945       0.16899406909942627     
   1.3293130397796631        7.5112998485565186E-002
  0.76066946983337402       0.34404766559600830     
   3.0754249095916748       0.60931885242462158     
   3.2223107814788818       0.17775785923004150     
  0.15194630622863770       0.60194396972656250     
  0.32356524467468262       0.75947761535644531     
  0.41674709320068359       0.44902837276458740     
   3.0937433242797852E-002   7.5941324234008789E-002
  0.44007658958435059        3.1144380569458008E-002
   3.1262199878692627       0.36668437719345093     
   3.0809140205383301       0.54735070466995239     
   1.3380699157714844       0.65103000402450562     
   1.1802093982696533       0.25669419765472412     
   1.7202920913696289       0.42242854833602905     
  0.13876080513000488       0.64811766147613525     
  0.69104695320129395       0.86276972293853760     
  0.68881750106811523       0.27033191919326782     
   2.6946780681610107       0.22127991914749146     
  0.34334993362426758       0.16341102123260498     
  0.79124355316162109       0.78438723087310791     
   1.2390735149383545       0.12892353534698486     
   1.4775762557983398       0.55669063329696655     
   2.1921603679656982       0.41746085882186890     
   1.6417353153228760       0.90405571460723877     
  0.77182936668395996        3.6856591701507568E-002
   1.7062711715698242       0.30979609489440918     
   1.0691232681274414       0.81608337163925171     
  0.49810576438903809       0.94661200046539307     
   2.6548373699188232       0.44073849916458130     
   2.5690312385559082       0.29434442520141602     
   1.7657146453857422       0.76592016220092773     
   1.8808364868164062       0.52544862031936646     
  0.74228739738464355       0.26362454891204834     
  0.26158928871154785       0.98886734247207642     
   1.1250791549682617       0.65614748001098633     
   1.8461453914642334       0.39639186859130859     
   3.7997992038726807        6.5378367900848389E-002
   2.2481727600097656       0.10352241992950439     
   1.9446582794189453       0.63552194833755493     
   1.2256934642791748        5.7136178016662598E-002
   1.4633069038391113       0.32173126935958862     
   1.4372322559356689       0.84065359830856323     
  0.27323985099792480       0.84716129302978516     
   1.0457646846771240       0.52539378404617310     
   3.8748025894165039E-002  0.73416978120803833     
  0.73162245750427246       0.11200469732284546     
   2.3809299468994141       0.28856730461120605     
   1.3115887641906738        7.7146530151367188E-002
   3.2044892311096191       0.43913894891738892     
   2.4606783390045166       0.11409211158752441     
   4.9860477447509766E-002  0.32781517505645752     
   1.8028357028961182       0.48644757270812988     
   3.1765344142913818       0.16734403371810913     
   3.2941799163818359       0.45032066106796265     
   3.1951944828033447       0.32646620273590088     
   2.6210937500000000       0.35122978687286377     
   1.1589288711547852       0.40796947479248047     
   2.3305304050445557       0.55384486913681030     
   2.5277140140533447       0.55832588672637939     
  0.15427327156066895       0.29218196868896484     
   2.3978204727172852       0.19592100381851196     
   2.9456357955932617       0.35259073972702026     
  0.97806000709533691       0.17919540405273438     
  0.50742506980895996       0.91866278648376465     
   9.1590166091918945E-002  0.90726864337921143     
   1.9454886913299561       0.39891076087951660     
   2.5225305557250977       0.24990946054458618     
   3.0059328079223633        1.4799714088439941E-002
  0.25224256515502930       0.70027756690979004     
   3.9490406513214111        5.5038630962371826E-002
  0.85359430313110352       0.20240938663482666     
   3.4593420028686523       0.20276916027069092     
   1.4594409465789795       0.25298374891281128     
   1.4612209796905518       0.10384172201156616     
   2.5321166515350342       0.60248750448226929     
  0.73633337020874023       0.66585677862167358     
  0.97991013526916504       0.12099093198776245     
   1.5243256092071533       0.58587867021560669     
   2.8458034992218018       0.38604789972305298     
   3.0037941932678223       0.37757176160812378     
  0.27250003814697266       0.67421430349349976     
  0.21210384368896484       0.94444376230239868     
   2.9398679733276367E-002  0.85443252325057983     
   1.3997552394866943       0.30352592468261719     
   1.1255905628204346       0.90721344947814941     
   1.2742884159088135       0.53720855712890625     
   2.5376517772674561        7.6973259449005127E-002
   1.4645063877105713       0.42091327905654907     
   1.1748943328857422       0.75009638071060181     
  0.24012660980224609       0.93431186676025391     
   1.3556950092315674       0.73712444305419922     
   1.6179854869842529       0.17777639627456665     
   3.3808360099792480       0.49826830625534058     
   3.1751489639282227       0.44257450103759766     
   3.1877343654632568       0.27164828777313232     
   1.3725297451019287       0.32767504453659058     
   1.9836425781250000E-004  0.45664620399475098     
   2.5917389392852783       0.38617926836013794     
  0.29011440277099609       0.83718127012252808     
  0.92059969902038574       0.68919557332992554     
   1.3876757621765137       0.33516991138458252     
   1.2718057632446289       0.42555809020996094     
   1.8269639015197754        9.1361761093139648E-002
  0.50132441520690918       0.54693102836608887     
   5.1688432693481445E-002  0.59009349346160889     
   1.5469262599945068       0.64536070823669434     
   1.2998361587524414       0.27652698755264282     
   3.3002879619598389       0.22205924987792969     
  0.16937565803527832       0.50647950172424316     
  0.14325475692749023       0.23886215686798096     
   1.5031423568725586       0.32517039775848389     
   2.9966409206390381       0.15656059980392456     
   1.8130896091461182       0.39323520660400391     
   2.0547490119934082       0.64797085523605347     
  0.14321875572204590       0.29394334554672241     
  0.33638429641723633       0.70693421363830566     
   1.6584379673004150       0.47585296630859375     
   1.0804586410522461        9.4723045825958252E-002
  0.11918163299560547       0.41878020763397217     
   2.8349123001098633       0.11037588119506836     
   3.8611903190612793       0.24301123619079590     
   2.2243020534515381       0.42456108331680298     
  0.24433374404907227        5.8956265449523926E-002
   1.3344986438751221       0.74821043014526367     
   8.8546276092529297E-002  0.82574135065078735     
   9.2123985290527344E-002  0.58329564332962036     
   3.7859008312225342       0.10777294635772705     
   2.4293751716613770       0.57909899950027466     
   1.6975917816162109       0.86273944377899170     
  0.61192703247070312        6.6310822963714600E-002
   1.7656700611114502       0.82159656286239624     
   1.8164696693420410       0.54689127206802368     
   1.0600936412811279       0.51783365011215210     
   1.2938461303710938       0.21634066104888916     
   2.6059429645538330       0.34437835216522217     
  0.37756252288818359       0.59894239902496338     
   2.0487420558929443       0.39243215322494507     
   2.9279904365539551       0.17394477128982544     
   2.6335096359252930       0.68063414096832275     
   1.3231964111328125       0.41580855846405029     
   2.9288210868835449       0.10924762487411499     
   3.7170991897583008       0.36131531000137329     
   1.3626284599304199       0.86352330446243286     
   2.4425504207611084       0.40183651447296143     
   1.3288636207580566        4.0897727012634277E-003
   1.3613841533660889       0.82174372673034668     
   7.9416275024414062E-002  0.19639939069747925     
  0.96603822708129883       0.26474028825759888     
   1.1373131275177002       0.50863236188888550     
  0.47782897949218750       0.27597087621688843     
   1.8132793903350830       0.58076554536819458     
   3.3755257129669189        1.1978864669799805E-002
  0.17598485946655273       0.83661264181137085     
   2.2969264984130859       0.72890597581863403     
  0.67165803909301758       0.11579591035842896     
  0.39753293991088867       0.56559085845947266     
  0.27572584152221680       0.53835272789001465     
   1.5503644943237305E-002  0.48348581790924072     
   1.0753631591796875       0.30105924606323242     
  0.82287907600402832       0.23752945661544800     
   2.4216902256011963       0.77151167392730713     
   3.1126070022583008       0.27343928813934326     
   2.7337214946746826       0.35323828458786011     
   2.9644908905029297       0.29378277063369751     
   3.0419230461120605       0.26161748170852661     
  0.84946393966674805       0.88777178525924683     
   3.9693684577941895       0.10084253549575806     
  0.97667074203491211       0.45941436290740967     
   1.6781396865844727       0.63388609886169434     
   3.2648658752441406       0.21677160263061523     
   2.3843507766723633       0.12742280960083008     
   1.5074579715728760       0.57134193181991577     
   3.0624704360961914       0.12683409452438354     
   2.2052562236785889       0.29842060804367065     
   2.3880488872528076       0.43831700086593628     
   3.5080161094665527       0.44177007675170898     
  0.23777890205383301       0.11276400089263916     
   1.1463820934295654       0.83475166559219360     
   1.4055316448211670        6.4495086669921875E-002
   1.1795158386230469       0.63900828361511230     
  0.42547011375427246       0.25367218255996704     
  0.53157997131347656       0.14507997035980225     
   1.0495634078979492       0.41490626335144043     
   1.1274316310882568       0.88020122051239014     
   1.4228484630584717       0.22557508945465088     
  0.26012349128723145       0.20737135410308838     
  0.80897116661071777       0.25154739618301392     
  0.34028887748718262       0.77233523130416870     
   3.7605285644531250E-002  0.98015952110290527     
   1.7391550540924072       0.83156925439834595     
   2.4262061119079590       0.54590117931365967     
   1.2003293037414551       0.18181008100509644     
   2.1362168788909912       0.69856059551239014     
   2.0780775547027588       0.45816373825073242     
   2.1921734809875488       0.64707595109939575     
   3.6134719848632812E-002  0.18963211774826050     
   1.6555931568145752       0.32927018404006958     
   1.3101699352264404       0.27681654691696167     
   1.1665236949920654       0.69853478670120239     
   1.0057177543640137       0.67189180850982666     
   2.2702033519744873       0.67787492275238037     
   3.3387618064880371       0.40500664710998535     
   6.0620069503784180E-002   5.1715970039367676E-002
   1.4207041263580322       0.64171105623245239     
   2.5924322605133057       0.12801116704940796     
  0.49903869628906250       0.32022541761398315     
   2.3027517795562744       0.31579905748367310     
   2.9128577709197998       0.57452213764190674     
   3.1221156120300293       0.27233767509460449     
   2.0907032489776611       0.48729896545410156     
   1.1805493831634521        9.7502648830413818E-002
   2.2800476551055908        3.8957953453063965E-002
  0.77198219299316406        8.5893392562866211E-002
  0.50782489776611328       0.44071084260940552     
   1.0583992004394531       0.59806019067764282     
   3.0392150878906250       0.28750532865524292     
   1.8808274269104004       0.52640259265899658     
   2.1512002944946289       0.58513981103897095     
   2.8878488540649414       0.42631709575653076     
   2.7167513370513916       0.53782981634140015     
   2.5443193912506104        1.4905393123626709E-002
   3.1589081287384033       0.27804368734359741     
   8.9798688888549805E-002  0.46815139055252075     
   2.7611498832702637       0.41684919595718384     
  0.26525378227233887       0.95097988843917847     
   2.0984859466552734       0.10005533695220947     
  0.44055128097534180        6.5903723239898682E-002
  0.59249091148376465       0.29419511556625366     
  0.24645256996154785        5.3008556365966797E-002
   2.6232151985168457        7.6712489128112793E-002
   2.4285786151885986       0.71028900146484375     
  0.41723465919494629       0.98501682281494141     
   1.8978061676025391       0.68024897575378418     
   1.7228643894195557       0.37809073925018311     
   2.6653592586517334       0.31406879425048828     
   3.5964672565460205       0.10668140649795532     
   2.3310048580169678       0.32071542739868164     
  0.74130058288574219       0.82407200336456299     
   1.5313036441802979       0.62665551900863647     
   1.9241623878479004       0.85352677106857300     
   2.2393827438354492       0.55918359756469727     
   1.4613742828369141       0.70840269327163696     
   3.3879079818725586        6.1537742614746094E-002
   1.5232682228088379       0.16980808973312378     
  0.14382743835449219       0.79854696989059448     
  0.31873631477355957       0.13696742057800293     
   1.5006234645843506       0.67266482114791870     
   3.4332201480865479        4.0314674377441406E-002
   1.2815761566162109        4.7930657863616943E-002
   2.8656532764434814       0.48264563083648682     
  0.41249132156372070       0.44254249334335327     
   3.2927832603454590       0.14925712347030640     
   3.0344009399414062        4.0171027183532715E-002
   2.7603840827941895       0.29308301210403442     
   1.3513410091400146       0.89719867706298828     
  0.50994682312011719        4.4710159301757812E-002
   1.5840697288513184       0.47670501470565796     
  0.49254846572875977       0.95708417892456055     
   1.6341347694396973       0.70708262920379639     
   1.9940705299377441       0.10382819175720215     
  0.12687635421752930       0.40144956111907959     
   1.0964474678039551       0.91371250152587891     
   1.8778626918792725       0.21118921041488647     
  0.96895956993103027       0.25543487071990967     
   1.0351552963256836       0.13907706737518311     
   3.4825432300567627       0.24652045965194702     
   1.3390970230102539       0.71094256639480591     
  0.49088692665100098        6.2132775783538818E-002
   3.6016600131988525       0.13973021507263184     
   1.4428513050079346       0.35007637739181519     
   2.8339738845825195       0.54944866895675659     
   2.7253980636596680        9.1275155544281006E-002
  0.19032740592956543        1.4838814735412598E-002
   1.9103653430938721       0.81798046827316284     
   2.4952719211578369       0.49811911582946777     
   2.1705985069274902       0.77440398931503296     
   3.6620659828186035       0.33172380924224854     
   3.7965133190155029       0.24977827072143555     
   1.6697664260864258       0.43487012386322021     
  0.32261037826538086       0.10888254642486572     
   2.8274641036987305       0.62358015775680542     
  0.76234626770019531       0.64789187908172607     
  0.43136906623840332       0.50219208002090454     
