   0.00000000       0.00000000    
   4.38071538E-07   8.98940073E-07
  -5.53207428E-07   1.03072045E-06
   3.66060419E-07   6.37087794E-07
  -5.65719176E-07   2.74063297E-07
  -7.41399958E-07   1.25851045E-06
  -8.14762132E-07   2.61205059E-07
  -1.22852089E-06  -6.49181516E-07
  -1.78385221E-06  -1.48081074E-06
  -1.10518545E-06  -2.21525693E-06
  -1.71640033E-06  -3.00672173E-06
  -2.56141220E-06  -2.47197431E-06
  -2.10395115E-06  -1.58274452E-06
  -2.06225718E-06  -5.83614110E-07
  -1.65267102E-06  -1.49588550E-06
  -7.36522111E-07  -1.89672369E-06
  -1.53090105E-06  -2.50414610E-06
  -1.68864210E-06  -1.51666552E-06
  -7.38431822E-07  -1.82827489E-06
  -4.27530523E-07  -8.77832690E-07
   1.64585998E-07  -7.19803666E-08
   3.90099274E-07   9.02259671E-07
  -6.50105676E-08   1.18243406E-08
   7.24839026E-07   6.25124983E-07
   1.62545120E-07   1.45206241E-06
  -1.42561760E-07   2.40438067E-06
  -8.87157512E-08   3.40292991E-06
  -1.07999563E-06   3.53470318E-06
  -2.07669200E-06   3.45348712E-06
  -3.07628920E-06   3.42510680E-06
  -2.94300185E-06   2.43402928E-06
  -3.06765605E-06   3.42622957E-06
  -2.08169240E-06   3.59319051E-06
  -3.00773900E-06   3.21578091E-06
  -2.65325161E-06   2.28072008E-06
  -3.39589224E-06   1.61102980E-06
  -2.42731153E-06   1.36233029E-06
  -3.35819004E-06   1.72765908E-06
  -3.13389774E-06   2.70218106E-06
  -2.13738099E-06   2.61878745E-06
  -3.01738646E-06   3.09375082E-06
  -3.77530910E-06   3.74609522E-06
  -4.32137404E-06   4.58383829E-06
  -5.25862197E-06   4.23517531E-06
  -4.63541892E-06   3.45311537E-06
  -4.02697697E-06   4.24671362E-06
  -5.00173746E-06   4.46996592E-06
  -4.78565835E-06   3.49359016E-06
  -5.29773615E-06   4.35252923E-06
  -6.25638904E-06   4.63710739E-06
  -5.91600474E-06   3.69682107E-06
  -6.91507694E-06   3.73989019E-06
  -6.68537996E-06   2.76662786E-06
  -7.68516293E-06   2.78745119E-06
  -8.65997117E-06   3.01049704E-06
  -9.17004036E-06   2.15036357E-06
  -1.01540754E-05   1.97239069E-06
  -1.11540585E-05   1.97821373E-06
  -1.14247205E-05   1.01553928E-06
  -1.09029024E-05   1.86859620E-06
  -1.17988684E-05   2.31271838E-06
  -1.23427244E-05   1.47354001E-06
  -1.30622057E-05   7.79027744E-07
  -1.31874576E-05  -2.13097280E-07
  -1.32233272E-05  -1.21245375E-06
  -1.22570291E-05  -9.55028668E-07
  -1.27588028E-05  -9.00298573E-08
  -1.25492961E-05  -1.06783705E-06
  -1.18511516E-05  -3.51880544E-07
  -1.28496449E-05  -4.06755362E-07
  -1.33584408E-05  -1.26764257E-06
  -1.41625760E-05  -6.73195984E-07
  -1.51571430E-05  -7.77294531E-07
  -1.43083071E-05  -2.48638059E-07
  -1.39455997E-05   6.83264943E-07
  -1.34168158E-05   1.53202143E-06
  -1.37562383E-05   2.47265530E-06
  -1.28997835E-05   1.95643270E-06
  -1.29270384E-05   9.56804115E-07
  -1.35080973E-05   1.77066545E-06
  -1.28333068E-05   2.50867515E-06
  -1.38328387E-05   2.53927669E-06
  -1.48323616E-05   2.50839935E-06
  -1.54929076E-05   3.25918495E-06
  -1.64928988E-05   3.26319378E-06
  -1.61605440E-05   2.32003958E-06
  -1.59624778E-05   1.33985100E-06
  -1.69598807E-05   1.26783459E-06
  -1.78597584E-05   8.31691978E-07
  -1.82132426E-05   1.76713263E-06
  -1.88390841E-05   2.54708289E-06
  -1.87144487E-05   1.55488033E-06
  -1.78832106E-05   2.11079646E-06
  -1.79253348E-05   3.10990890E-06
  -1.75539135E-05   2.18144419E-06
  -1.67502694E-05   2.77655408E-06
  -1.57753821E-05   2.55385294E-06
  -1.51132481E-05   3.30323860E-06
  -1.44813921E-05   4.07832431E-06
  -1.52665452E-05   3.45902345E-06
  -1.43596835E-05   3.88045100E-06
  -1.40175425E-05   2.94080246E-06
  -1.48300396E-05   2.35783659E-06
  -1.54635200E-05   3.13159535E-06
  -1.44764026E-05   3.29159184E-06
  -1.50020205E-05   4.14231272E-06
  -1.59189931E-05   4.54126348E-06
  -1.68360839E-05   4.14258420E-06
  -1.64333851E-05   3.22725168E-06
  -1.56526348E-05   2.60240790E-06
  -1.52889279E-05   1.67089411E-06
  -1.42899753E-05   1.71665556E-06
  -1.32997784E-05   1.57697536E-06
  -1.37257366E-05   2.48171796E-06
  -1.28636084E-05   2.98840814E-06
  -1.25868364E-05   3.94934341E-06
  -1.16393294E-05   4.26907854E-06
  -1.20819041E-05   5.16581031E-06
  -1.30515846E-05   4.92143454E-06
  -1.40426564E-05   5.05476555E-06
  -1.47016553E-05   4.30262162E-06
  -1.48352656E-05   5.29365570E-06
  -1.38918713E-05   4.96198254E-06
  -1.41671562E-05   5.92334527E-06
  -1.50555998E-05   5.46435922E-06
  -1.51047607E-05   4.46556851E-06
  -1.41192149E-05   4.63497690E-06
  -1.37877405E-05   5.57844078E-06
  -1.31493816E-05   4.80870222E-06
  -1.29032633E-05   5.77794208E-06
  -1.19221495E-05   5.97137569E-06
  -1.20663290E-05   4.98182408E-06
  -1.30517874E-05   4.81190546E-06
  -1.23967357E-05   4.05632181E-06
  -1.14766253E-05   4.44798070E-06
  -1.24766229E-05   4.44595389E-06
  -1.14953646E-05   4.25325788E-06
  -1.11477912E-05   5.19091054E-06
  -1.14740233E-05   6.13620023E-06
  -1.22133879E-05   5.46289539E-06
  -1.16667952E-05   6.30029399E-06
  -1.21817748E-05   5.44309160E-06
  -1.26762961E-05   6.31225703E-06
  -1.23091495E-05   7.24242000E-06
  -1.21909488E-05   6.24943004E-06
  -1.18487978E-05   5.30978514E-06
  -1.08771465E-05   5.54620237E-06
  -1.00035513E-05   6.03285616E-06
  -9.21027458E-06   6.64171785E-06
  -8.21145477E-06   6.69029532E-06
  -7.39295911E-06   6.11578253E-06
  -6.62252251E-06   6.75329920E-06
  -6.15493946E-06   5.86934993E-06
  -5.15669672E-06   5.81009544E-06
  -4.95972699E-06   4.82968608E-06
  -4.83296935E-06   3.83775250E-06
  -5.33939874E-06   4.70003397E-06
  -5.19306377E-06   3.71079886E-06
  -5.47237096E-06   4.67100062E-06
  -6.37739322E-06   5.09636448E-06
  -5.92342712E-06   4.20534525E-06
  -6.60089336E-06   3.46979141E-06
  -5.62455398E-06   3.68603469E-06
  -4.65205630E-06   3.45312128E-06
  -4.18558056E-06   4.33765535E-06
  -3.71601004E-06   5.22055052E-06
  -4.17743286E-06   4.33337027E-06
  -3.31938145E-06   4.84693373E-06
  -2.78654193E-06   4.00071758E-06
  -1.84615715E-06   3.66060544E-06
  -1.85438773E-06   2.66063944E-06
  -1.53231895E-06   3.60735567E-06
  -1.89909008E-06   4.53766688E-06
  -2.58085697E-06   5.26923623E-06
  -1.68078600E-06   4.83349277E-06
  -2.63557558E-06   4.53621033E-06
  -2.63901075E-06   3.53621635E-06
  -3.48479625E-06   4.06973959E-06
  -3.13401097E-06   5.00619535E-06
  -4.02944625E-06   5.45138664E-06
  -4.33954438E-06   4.50068183E-06
  -4.44790976E-06   5.49479319E-06
  -3.73870216E-06   6.19979301E-06
  -4.25470671E-06   5.34320725E-06
  -4.88113619E-06   4.56372936E-06
  -5.81417953E-06   4.92349272E-06
  -6.79671211E-06   5.10958307E-06
  -6.40286453E-06   6.02875889E-06
  -5.48610433E-06   6.42819668E-06
  -5.68131645E-06   7.40895757E-06
  -6.65225525E-06   7.64828565E-06
  -5.70129623E-06   7.33896877E-06
  -6.62627008E-06   6.95893868E-06
  -7.62249419E-06   7.04575950E-06
  -7.96963286E-06   7.98357360E-06
  -8.63483274E-06   8.73023964E-06
  -9.26890061E-06   9.50351659E-06
  -8.35960327E-06   9.91966408E-06
  -8.43142880E-06   1.09170815E-05
  -7.43328064E-06   1.09779094E-05
  -7.04256854E-06   1.00573961E-05
  -6.63337823E-06   1.09698449E-05
  -6.06446565E-06   1.01474470E-05
  -6.89072431E-06   9.58415603E-06
  -6.99781322E-06   8.58990643E-06
  -7.46794694E-06   9.47250192E-06
  -7.15223132E-06   8.52364792E-06
  -7.90163722E-06   7.86153760E-06
  -8.49121716E-06   7.05382718E-06
  -7.78465528E-06   6.34617572E-06
  -6.78772085E-06   6.42441637E-06
  -7.74014461E-06   6.72919396E-06
  -7.46638489E-06   5.76739603E-06
  -7.02055922E-06   4.87227635E-06
  -6.02593718E-06   4.76870673E-06
  -5.72410772E-06   3.81534483E-06
  -6.28476892E-06   2.98729969E-06
  -6.53182860E-06   3.95630013E-06
  -7.40004680E-06   3.46011780E-06
  -7.79748098E-06   2.54248698E-06
  -7.64717151E-06   1.55384794E-06
  -8.32283513E-06   8.16638135E-07
  -7.35205413E-06   1.05660513E-06
  -8.16307875E-06   4.71593069E-07
  -8.24837025E-06  -5.24763038E-07
  -8.21391404E-06   4.74643173E-07
  -7.51510242E-06   1.18994888E-06
  -8.38095275E-06   6.89644992E-07
  -8.82815038E-06  -2.04790013E-07
  -7.90031845E-06  -5.77788569E-07
  -6.91064997E-06  -4.34414858E-07
  -7.90698596E-06  -3.48893423E-07
  -8.58862950E-06  -1.08057748E-06
  -8.57930991E-06  -2.08053416E-06
  -7.65678396E-06  -1.69459861E-06
  -6.68050052E-06  -1.91109552E-06
  -5.68370251E-06  -1.99105648E-06
  -5.11538883E-06  -2.81386838E-06
  -4.88743717E-06  -1.84019598E-06
  -4.22690073E-06  -2.59099011E-06
  -4.88755359E-06  -1.84029864E-06
  -5.55030283E-06  -1.09145731E-06
  -6.22085236E-06  -1.83332213E-06
  -5.81842505E-06  -9.17870068E-07
  -5.78687332E-06   8.16320949E-08
  -6.52047629E-06   7.61210288E-07
  -6.76032641E-06  -2.09599591E-07
  -5.94180256E-06  -7.84071915E-07
  -5.93584264E-06  -1.78405412E-06
  -5.02606235E-06  -1.36896381E-06
  -4.08105279E-06  -1.04192168E-06
  -3.08211884E-06  -9.95758796E-07
  -3.66959307E-06  -1.86515933E-07
  -3.86559304E-06   7.94087953E-07
  -4.28323756E-06   1.70269846E-06
  -3.51334938E-06   1.06451967E-06
  -2.63640504E-06   5.83928056E-07
  -3.30047897E-06  -1.63738719E-07
  -4.06730851E-06   4.78112213E-07
  -4.73391356E-06   1.22352344E-06
  -5.00519445E-06   2.18602372E-06
  -4.33306514E-06   1.44558976E-06
  -3.40336192E-06   1.81389919E-06
  -2.48812694E-06   1.41097871E-06
  -3.01823206E-06   2.25891063E-06
  -3.84353007E-06   2.82360816E-06
  -3.28036094E-06   1.99726651E-06
  -3.00869510E-06   1.03487491E-06
  -2.71805789E-06   7.80415803E-08
  -3.27039766E-06   9.11660550E-07
  -2.27039777E-06   9.11972165E-07
  -2.86863133E-06   1.10650433E-07
  -1.97068289E-06   5.50750997E-07
  -1.84628436E-06   1.54298334E-06
  -2.41829889E-06   2.36322694E-06
  -2.83239683E-06   3.27345924E-06
  -3.79568473E-06   3.54192935E-06
  -3.09005054E-06   4.25050575E-06
  -2.09334485E-06   4.33160858E-06
  -1.09365567E-06   4.30667660E-06
  -7.82877692E-07   3.35619416E-06
  -1.54013912E-06   4.00930594E-06
  -1.99390024E-06   4.90042930E-06
  -1.53950680E-06   4.00962836E-06
  -5.74691057E-07   4.27255509E-06
   4.00097633E-07   4.49568506E-06
   5.65587357E-07   3.50947357E-06
  -1.45001025E-07   4.21308141E-06
  -1.50277188E-07   3.21309540E-06
   8.08446714E-08   2.24017049E-06
  -8.76364197E-07   2.52956875E-06
   1.11416284E-07   2.37371705E-06
  -8.84888095E-07   2.28782346E-06
   8.99132147E-08   2.51089818E-06
  -6.06208630E-07   1.79297456E-06
   2.57410591E-07   2.29711918E-06
  -6.02079922E-07   2.80827089E-06
  -7.28127930E-07   3.80029496E-06
   2.54399424E-07   3.98641350E-06
  -2.02277306E-09   3.01984846E-06
   9.74300065E-07   2.80353038E-06
   3.57298404E-08   2.45844194E-06
   9.62978788E-07   2.83288728E-06
   4.61394279E-07   3.69799591E-06
   1.42345607E-06   3.42516432E-06
   2.41379894E-06   3.56380451E-06
   1.45523916E-06   3.27891303E-06
   2.44478724E-06   3.42311660E-06
   3.38876748E-06   3.09311440E-06
   2.60772390E-06   2.46863783E-06
   1.71844113E-06   2.92599566E-06
   2.29096713E-06   3.74588217E-06
   1.35794880E-06   4.10571101E-06
   2.30873729E-06   3.79587073E-06
   1.35000550E-06   4.08018286E-06
   1.25575070E-06   5.07573077E-06
   8.10393999E-07   5.97108419E-06
   2.30186629E-07   5.15661532E-06
   1.21493133E-06   4.98260988E-06
   2.04415801E-06   5.54152257E-06
   1.04708761E-06   5.46503361E-06
   9.34216246E-07   4.47142384E-06
   3.89809543E-07   3.63260233E-06
  -9.63379421E-08   4.50647894E-06
  -2.72946522E-07   3.52219786E-06
  -3.84521059E-07   2.52844166E-06
   5.18356671E-07   2.09854420E-06
   1.23688460E-06   1.40304610E-06
   6.97576297E-07   2.24515452E-06
  -7.03770979E-08   1.60464879E-06
  -5.64284562E-07   2.47416324E-06
  -1.10194594E-06   3.31732417E-06
  -1.09716666E-07   3.44174759E-06
  -5.63950167E-08   4.44032503E-06
   9.20748448E-07   4.22774383E-06
   7.06725928E-07   5.20457252E-06
   1.43802481E-06   5.88662988E-06
   4.80729796E-07   6.17574278E-06
   1.03698676E-06   5.34473247E-06
   1.99902092E-06   5.61766137E-06
   1.10583301E-06   5.16797763E-06
   1.59902766E-06   6.03789658E-06
   2.41031648E-06   6.62254206E-06
   3.31798174E-06   7.04223703E-06
   4.31501303E-06   6.96524194E-06
   5.31471642E-06   6.98959275E-06
   5.19661262E-06   7.98259407E-06
   5.47125819E-06   8.94414006E-06
   5.81218592E-06   8.00405087E-06
   4.85322653E-06   7.72050771E-06
   4.06470190E-06   7.10550466E-06
   4.24066366E-06   6.12110762E-06
   3.83448423E-06   5.20731419E-06
   3.84853229E-06   4.20741299E-06
   3.55664702E-06   3.25095971E-06
   4.55350619E-06   3.17176637E-06
   4.54243036E-06   2.17182765E-06
   4.48668152E-06   1.17338277E-06
   4.55248664E-06   1.75550326E-07
   4.78675065E-06   1.14772331E-06
   3.95702364E-06   5.89553622E-07
   4.95586619E-06   5.41456643E-07
   4.99250336E-06   1.54078521E-06
   4.11760811E-06   2.02509750E-06
   4.52175891E-06   1.11040526E-06
   3.69853910E-06   5.42682471E-07
   2.98319719E-06   1.24145720E-06
   3.08116819E-06   2.46267973E-07
   2.13269550E-06  -7.05909429E-08
   1.31278739E-06  -6.43086025E-07
   2.02874162E-06  -1.34123331E-06
   2.95979680E-06  -9.76354841E-07
   2.73188107E-06  -2.67402811E-09
   2.13708836E-06   8.01205147E-07
   2.87681792E-06   1.28300826E-07
   2.59855733E-06   1.08880647E-06
   2.69062048E-06   9.30533588E-08
   3.47548007E-06   7.12727058E-07
   4.14665465E-06   1.45402623E-06
   4.06887921E-06   2.45099727E-06
   3.87004411E-06   3.43103011E-06
   3.25360770E-06   4.21843470E-06
   4.17128513E-06   4.61576064E-06
   4.46686954E-06   5.57107705E-06
   5.32738068E-06   6.08050914E-06
   6.32563660E-06   6.13954489E-06
   5.40840983E-06   6.53791039E-06
   4.62426715E-06   5.91732987E-06
   4.31475837E-06   6.86822659E-06
   3.33756270E-06   6.65588641E-06
   2.34507411E-06   6.53354982E-06
   1.39029055E-06   6.23624783E-06
   2.38868006E-06   6.29297756E-06
   1.53148233E-06   6.80796484E-06
   1.06331663E-06   7.69160579E-06
   8.04714432E-07   8.65758921E-06
   7.95733058E-07   9.65754862E-06
  -1.15538683E-07   9.24574306E-06
   3.91827768E-07   8.38401229E-06
   1.38729752E-06   8.47908996E-06
   7.73516774E-07   9.26856683E-06
   1.76156220E-07   8.46659441E-06
   8.84329893E-07   9.17263242E-06
   1.33744220E-06   8.28117936E-06
   4.48406354E-07   7.82334155E-06
   3.11950657E-07   6.83269536E-06
   5.02595242E-07   5.85103635E-06
  -4.87272189E-07   5.70904149E-06
  -7.67091933E-07   6.66909409E-06
  -1.67188705E-06   6.24324684E-06
  -1.32132652E-06   7.17978673E-06
  -6.22964251E-07   7.89553087E-06
  -7.14568898E-07   8.89132662E-06
  -6.53008556E-07   7.89322348E-06
  -1.63553852E-06   8.07932793E-06
  -2.60746651E-06   7.84404983E-06
  -1.61611979E-06   7.71278064E-06
  -6.33544005E-07   7.52691858E-06
  -8.08800735E-07   6.54239557E-06
  -1.23919165E-06   5.63975300E-06
  -1.89539878E-06   4.88517207E-06
  -1.64837047E-06   3.91616368E-06
  -6.58302383E-07   4.05675200E-06
  -1.02474701E-06   3.12631209E-06
  -1.10301130E-07   3.53102018E-06
  -1.09835867E-06   3.37693496E-06
  -5.31241369E-07   2.55329792E-06
   2.38719565E-07   3.19138894E-06
  -5.30137868E-07   2.55196869E-06
  -3.03691309E-07   1.57794511E-06
   2.93595349E-07   2.37997301E-06
   1.21959295E-06   2.75750244E-06
   6.61693832E-07   1.92759353E-06
  -1.20130551E-07   1.30409489E-06
   6.72679334E-07   1.91356389E-06
  -3.14464046E-07   2.07340099E-06
  -1.22119764E-06   2.49510481E-06
  -1.72297507E-06   1.63010804E-06
  -2.64387131E-06   1.24030021E-06
  -1.83812836E-06   6.48034757E-07
  -2.70597661E-06   1.51205484E-07
  -2.31070453E-06   1.06976950E-06
  -3.05171216E-06   1.74126603E-06
  -4.04462526E-06   1.86010982E-06
  -3.11440567E-06   1.49310631E-06
  -2.48460105E-06   7.16352702E-07
  -3.41473401E-06   3.49129635E-07
  -4.07766356E-06   1.09781126E-06
  -3.18182356E-06   6.53434768E-07
  -2.60950992E-06  -1.66600046E-07
  -3.34198330E-06   5.14195619E-07
  -2.36739561E-06   7.38202232E-07
  -1.94452605E-06  -1.67988276E-07
  -1.06726475E-06   3.12025008E-07
  -1.77506377E-06   1.01843887E-06
  -2.51247411E-06   3.42993928E-07
  -1.88329159E-06  -4.34263711E-07
  -2.31130980E-06   4.69506404E-07
  -2.52077825E-06  -5.08308972E-07
  -1.72344937E-06   9.52360892E-08
  -2.70638520E-06   2.79184832E-07
  -2.26252382E-06  -6.16910597E-07
  -1.51927725E-06  -1.28592819E-06
  -1.46526645E-06  -2.28446856E-06
  -1.83282975E-06  -3.21446714E-06
  -2.35712332E-06  -2.36292954E-06
  -1.59295382E-06  -3.00794500E-06
  -8.96981021E-07  -2.28987687E-06
  -1.69103805E-06  -1.68203360E-06
  -9.75703415E-07  -9.83251653E-07
  -1.81505902E-06  -4.39668781E-07
  -2.81501570E-06  -4.30354930E-07
  -1.83480972E-06  -2.32374703E-07
  -1.98573025E-06   7.56171232E-07
  -2.96738290E-06   9.46849184E-07
  -2.93769608E-06  -5.27100497E-08
  -2.88895740E-06   9.46101466E-07
  -2.94415122E-06   1.94457721E-06
  -2.25669714E-06   1.21834933E-06
  -2.76451715E-06   2.07981248E-06
  -2.04736102E-06   2.77672507E-06
  -1.23681389E-06   2.19105141E-06
  -1.87768251E-06   2.95870200E-06
  -2.13552948E-06   1.99251622E-06
  -2.55362102E-06   1.08411132E-06
  -1.59797935E-06   1.37864322E-06
  -2.58808359E-06   1.51897621E-06
  -3.30042235E-06   8.17140403E-07
  -2.63578613E-06   6.99733391E-08
  -3.60009494E-06  -1.94806546E-07
  -2.66653365E-06  -5.53224481E-07
  -1.80414418E-06  -1.05946992E-06
  -8.54794337E-07  -1.37369113E-06
   1.45103684E-07  -1.38797225E-06
  -7.23345977E-07  -8.92194976E-07
   1.50977939E-07  -4.06852166E-07
   6.97939242E-07  -1.24401004E-06
   4.30226351E-07  -2.20750871E-06
   7.88352395E-07  -3.14118188E-06
   1.15304783E-06  -2.21005507E-06
