       14177       10733
       26597       13219
       12473       23059
        1423        3727
        2011        1321
       11689         661
       15271       25229
        8641        1021
       23431       15443
        2399       21397
        2711       15907
       25903       18919
       31069        7643
        6983        7069
       14057       10163
       16481        5393
        1571       27427
       29759       23027
        2237       24533
        7159       18311
       13007        5879
       28319       14303
       29383       11321
         947       11779
        8951        6199
       21839        8893
       26591        2333
       17903       13127
       11251        6257
        7639        5209
       26203       25439
        9091       12041
       16889        9127
        2689       15551
       11549       20113
        8123       26393
       19319       13723
       21739       18679
        9437        6991
       21323        2777
        9293       12211
       17903       13177
       15787       27361
       30593       26591
       27799        5227
       19489        4013
        1607        9623
       15739       16189
        3347       17581
       26987        9941
       30851       28657
       16547       14071
       15679        6029
       30809       17419
        4937       12721
       24251       13159
        3881       26839
       24413       25717
       23819        4877
        2699       13931
       25819        3833
        3251       23599
       28109       21599
       21799       15359
        6907        7681
       18097       20123
       25633        1523
       24763        8819
        6121        3943
       12671        5779
       26053       27743
        4799        6043
       22013        2693
       21067       27061
       11003       10691
       25609        9187
        9491        5179
       24877       15287
        8017       28031
        8429       23291
       30853       10151
       22937        7937
       29437        8563
       19183        8243
       28643        7541
       26863       24329
       19441       18593
       16759        1303
       13627       27431
       28019       26321
        1553       11117
       21649        3571
       12619       22651
           5       27953
        9781       16699
        4217       22751
        6911        4801
         827        1259
       16127       16073
       26863        9769
       15667        3733
       10169       18803
       16097       17099
       11783        2069
         983       22741
       25087        1511
       14831       20149
       10753         523
       29063        4373
       30893       20231
       28571        1699
       18043        1531
       29611        5399
       26017        6329
        9859        7841
       10883        5233
        5953       21821
        2729       22307
        4861       21323
         563       22303
       26431       23929
       10177       10357
       21751       28493
       21649       11117
        4229       26431
        4591        1193
        7559       23269
       31069        1667
       18119       19391
       27241        3209
       23339       11491
         479         677
       20177       29573
        9871       15887
       25321       10937
       28351       18913
        2357       28843
         479       18787
        3221       16883
        2767       29153
       29411       18313
       27767       25057
       18439       26237
       11719        9007
        8599       25229
       12253       16217
       12757        1033
       13789       20029
         571        5743
       21871       24799
       29063       23857
       29077       17569
       22783         421
       15461        5003
        3779        6967
       22543        9337
       30313        7229
        1447        9851
       18427       13241
       27799       11113
        9137       17053
       26513       19273
        6529        5573
       12491        3001
       18869       12301
        3967        6661
        9239       25933
       10939       22741
       22051       10709
       31153        3673
       18229        4817
       21487        4657
        9743       24919
       27997       14851
       23761       19609
        3469       22133
       30431        6761
       15277       16603
        1667        2503
       14683        2539
        4889       17959
       13337       14143
       10937       28859
       26497        7681
       15731       18427
        4643        1783
        2731         983
       12253       26801
        5501       14827
         409        8059
       29191       23689
       13619         613
       19927        1409
       24091       16927
       16097         283
        9743       17747
       10589       16273
        3457       28277
        4889       17293
       24371        4783
       20693       29017
       28661       11503
        3863       25919
       28309       16561
       21101        8209
       29207       20201
       11027        8221
        7027       28309
        8419         967
       25471          53
       10163       20173
       21407       23801
       27367        2011
       16451        4027
       26839       10067
         653        3607
       21317       10631
       10903       16061
       28789       16267
       30809        7247
       30323        5783
       30559        5741
        2081       14071
       13679       16691
        1123        4243
       11483       22481
        6203        3709
        8819       12071
        2687       16451
       18371       17419
        2663        4817
       30197        1759
       30203       14389
       26861        7673
          41       22279
       18229        1291
        4297       19661
       17467       28669
       10993       25219
       30971        3037
       20357       13751
        6257        5557
       24889        6971
       23057       23761
       23189       24329
        9613         379
       25931       28807
       29567        5297
       27739        7309
        6301       18371
       14593       23627
       30203       26017
         269       17077
        3469       28573
       31079        1021
       18523       29387
         211       10789
       26053        9187
       21379       25357
       12809        6011
       24799        3253
        2213        5153
       22921       18353
       23689       24953
       27017         997
       23297       22861
       21673       14489
       25801       11887
       15679       26839
       18461          29
       11927        1663
       26437       21799
       21613        2309
       17659       14723
       26687        9091
       26737       19013
       20399       19937
       27941        8467
       17627        8597
        3593       18217
        1483        4561
       19139        9391
       25031       12653
       21067       16729
       29867       18973
       22391        2971
        4019       19249
        3461       20897
       19181       23761
        8999       29401
       21467       29339
       28409       20233
        5737       14029
       18443       11719
       27941       22259
       24611       26863
        3769       16553
       23813        3967
       17077       15031
       30347       25621
       23609       26371
        1249       16141
        5413        4019
       30851       14369
         563       15139
        8951        5147
        3229          43
       28387        8123
       21589       22303
        7451       12791
       21523       19403
         739       28547
       15443       11047
       10979        1439
        4051       13477
        6709       23333
       19073        8329
        3517       28097
       13679       15187
       24671       12781
        7207       11069
       21491       17159
        8147       10459
        5821        6827
        2411       11489
       27427       23827
       30187         647
        7649       16361
       18181       15149
       27107        5659
       18979       25391
       28789       11831
       24683       24793
       28619       12697
        5077        5099
       31079       25919
       28813        3539
       14887        3191
       17971        5711
       29009       18119
       26759         191
        3203         647
       16747       21727
       26731       11213
       29641        1951
        3217       22817
       28843       27073
        9461        4139
         181       27689
       13001        6907
       16333        7001
       18503       12329
        6857        2767
        3613       22691
       14561        3461
        1151       19501
       18661        3623
        8543        2333
        7753          19
       27817       29723
       15013       26633
       22613         163
       28069       19031
       12739        9377
       11777       26489
       30937        1213
       21683       15559
       25603       15739
       20359       23291
       20161       24943
        3457       15361
       26731       12611
       16253        9437
       22259        3491
        4673        1637
       29401        7247
        8209       17137
       23603       11159
        4547       28277
        5477       17341
       26267       23201
       30197       20483
       14827       29453
        5779       26893
       27427         313
       26783        7691
       22877       21277
       26141        2659
       13627        5471
       19469        3511
       23321       18713
       10589         293
       19181       10399
        7079       18233
       21419        3119
       17047        6719
         149       17203
        8293        8431
        2633       15973
       14969        4339
       18731        5639
       17581       24109
       31051        2909
       27551       17659
       12211        6263
       21863       23099
       23873       19309
        1999        3527
       15991       15791
         491       22721
        3119       23627
        7477       21031
         547       10177
       11003       15227
       15581        6779
       25307       27239
       10271        9091
        1721       17321
       21011        5279
       18133       27803
       26801        9923
        1103       23539
        9619        4549
       19207        4483
       28123         709
        5503       17597
        2729        8627
        6691        9043
        5647        1033
       19183         211
        8753       21377
       24413       19417
        6091       21319
        5923        6089
       19583        9227
       11551        3833
       29347       17573
       22343       29101
       20849       22651
       23071       15727
       14683       26777
        6967       13477
       29243       10337
        8429       10613
       12421       13291
       23801       28201
       23251       16657
       22039        8623
       18217       16417
        6857       20681
       13469       24469
        7817       21061
        1069        7297
       16421        9227
       12653       24359
       17417       22093
       22751        4973
        6449       30011
       30011        8887
       16703       23081
        6949        3011
       20359        3391
       15401        1783
       26183       15551
        8423       28309
         823         853
       24709       23117
        7159       13441
        5711       16937
       18433       21559
       29663       27847
       25801       16979
        5903       24109
        6763        8737
       16187       12409
       10831        2609
       25357       17041
        8543       16361
        1427       18679
       27793        7297
        6551       10391
       21401       12517
       24859       24659
        3301       12907
        3583        8731
        7069       10169
       29453        6203
       28097       20287
       16223         887
       23291       13759
         701        1021
        5323       19919
       18803       15737
       11399        8537
       22079        4049
       18401       25261
        9103        9431
       18401       28541
        9547       19937
       29027       23053
       24953        5087
       30713       26731
        4027       27011
       31327       21701
        3491         743
        8443       29983
       21139       27733
        4973       25951
       31033        6047
        5807       15551
       12253        2143
        6247       28927
       30391        3557
       14897        6803
       30391       10859
        1901       16193
       14843       27803
       21599       16787
       13649       16931
        2753       26731
       30671       22727
        8461       29867
       31253       23431
        6197       16477
        5009       21313
        1153        4733
       17519        2039
       28771       18973
        4759        9511
        4349         199
       28229       29167
       26723        2543
         263       13151
       11317        2957
       29167        3299
       10181        7853
        1583       22531
       17839        3299
       14221         643
         353       22367
       30553       10271
        9127       10987
       12487       20743
       30697       10531
        1823       15647
        9949       12697
        6961        4793
       29573       20411
        6763       15661
       14197       26317
        9629        7529
        8297       10949
        1307       15137
       25819        6983
       27733        5503
        8971       10093
        8779       19463
       21407       26497
       18131       14887
       12703        2459
       10531        8543
       24953       29339
       14783       15619
       30313         521
       12421        7823
       21121        3947
       12413        1049
       15773        8053
       16979       29137
       28879        9883
        2963       14407
       11399       14923
       23159        8867
        1693       21283
        2521       23071
        7219       12791
       22621        1237
        7823       18289
       14407       23557
       16823       21017
        7829        1913
        9857       29873
       24239       23003
       23993       28607
       18803        9613
       25127       12547
       10601       18181
         953       23333
       25073       22613
        8923       25969
       26417        1997
        9391        3407
       26113        3221
        6263       19319
        1637       19661
        1459        5519
       14159       28031
       12479       14401
        4673        1171
       30449        1877
       25717       16183
       26347        2609
       11399       15053
        4943        3851
        9439        8011
        3719        2399
       20441       13841
       21179       28669
        8369       22697
         883       23743
       15461        7541
       12739        9257
       21149       27067
        3607        3359
       10007        1871
        1181       15667
        8263        6833
        5417        1597
       20731       14537
       16453        5659
       10093        6229
         919       16633
       14087        4517
       21841       12637
        7933        8597
        2309       19421
       17299       24671
        1283       18217
         601       29153
        2557        2267
        6449        2683
       23753       13417
        4597       26347
       23021        3169
       13469       12907
         491       26003
       14389       25919
       24547       20479
         769       27487
        4813       26561
        8419       17099
       30223        2203
       23059       17377
        2861       20897
        5503       13229
       17497       18773
        6977       15373
        8707       24097
       26003       11593
       18047       22283
        2437       18553
       16189       23297
        7687       21839
       28759        4139
       13187        4889
       12541       21467
        4691       13399
       22861        7079
       11903       17327
       13649        8069
       15877        5519
       25643         293
       30677       26407
       23371       10889
          71       29333
       19937        8369
       27851       25633
       19423        4091
       30211       12241
       12589       10667
        3853       16993
        6301        9241
       10513       10993
       27509       25349
           3       25561
       16427       24113
       17551       16069
       31051        9677
         811       20029
       15227       10567
         727       14713
       19427         457
       15373       26357
       20029       27751
       15671       26699
       14197         607
        8017        5347
        9629        1571
        8867       22279
        2861        4007
       12853       11779
        8861       24281
        4759         311
         661        1153
       24851       13327
       22643        9533
       20873       26407
       14891        2027
       18097       20521
        3037       13693
       21881       21163
       19681       19373
        8161        3853
       19699        3727
       27107       14543
       17863          13
       22637        3319
       20021       14591
       14197       20773
       14879        5393
        1031       11909
       25391       15643
        2437        8963
       21377       23369
       15383       10253
        6151       12329
       28549       19141
       13463       20639
       11027        8273
       28109       12301
        2693       24677
       10847       13399
       18301        5581
       17093       26711
        5737        8191
        2843        3529
       24469       20749
       19373       29383
       11317       19417
       17021       18301
       28493        4129
       25913       25733
       25561       26449
        2297        4219
       14143       28181
        4937       25037
         881        7127
       20021         761
        9791       23197
        5021       28463
       16883       22409
        4201        7057
       22193       29671
       28163       22189
       19141         839
       27457        6113
       18181       21997
       14087        5849
         109       19843
       10739       24989
       16267        1021
       13729       13049
       29537        7993
       11399       24547
         229       28921
       17807        7393
        5741        5569
       18839       10169
       20599        6029
        4127       13441
       17977       13381
        1453        6907
        2621       11939
        4337        1381
        3511       27851
       14867       24107
       28649       12401
       23801        3877
       16427       24373
       24373       10139
        4603        1439
        1297       18797
       14753       20627
       24181        8161
       22189       19609
        6073       17729
       17387        4007
       18959        9719
        2393       20899
       11497        4091
        7591        8737
       25013        7753
        6131       12451
       12347       20051
       27647       24239
         641       23203
       14887        7549
       11701       16553
        7043       20231
       11939        8779
       30097       23291
       27437       11923
       24317       29411
       13697        1277
       31121        9403
        1697        6907
       21169       16529
        8447       26539
       28319       19739
        8969        3083
       30631       25127
       18523        2777
        2113       27953
       17489       28201
        2383        7187
       21649       27997
       13171       18701
       10009       27919
        5783       13367
        2897       18061
       25147       20123
       16619       11867
       27143       17707
       31183       14149
       15803       17099
        9323       22871
        1693       15913
         103        9803
        8941       14143
       23593       13327
       19963         103
       23627        7699
        8807       19333
        2819        8443
        3469       25229
       11113       24151
        2927       17029
       20161       11503
       18199        6599
        2221       16493
       15671       27827
        6317        2753
       23203         673
       23057       15107
        1699       20939
        5113        2417
       17929        8147
        3527       21211
        5431       11807
       11987        2459
        9203       21569
        7603       29527
       11383       15461
       15889       23497
        8629       25471
       12983       18307
        8293       14461
       10883        7411
        7307       16607
         389       22433
        7187       14401
       17681       20101
        5237        9337
        1093       14401
        2237        1423
         677        7759
       23203         547
        3793        9043
       19237        4363
       28319        6473
       21559         787
        3631       21419
        8849       20959
       25253       26083
       19991        4481
         769         859
       27751        4561
       13877       18679
       27673        6581
        5333        1801
       26801       15739
       18911        5431
       27091        3989
       15679        2371
        1693       19333
       17669       21481
       28099       17971
        8641       15797
        4733       20887
       14071       10369
       11411         751
        5641       15149
       29759        9941
       12343        8039
       19949        1237
       18461       21613
       15439       18041
       30029         743
       25583       23593
       25163       22469
       27779        1583
        4133        7559
       12451        2459
        2833        4391
        9769       23203
       14891       19997
       10903        6959
       26309        6263
       25037       10007
       28687       22247
       29137        1297
       30119        4861
       23039       18413
         389        9127
       16937       25997
       30187        3701
       20047       25903
       26083        5651
        1303       11087
        1201       16811
        9547        1583
        4639        5779
       24533       16993
       21433       20717
       26249       16633
        1553         163
         223       19249
       25453       17117
        1613        3943
       30689       18433
       14591       11777
       22193       17239
       15091       20143
       27109       29033
       30203        2399
       16453        1583
        9281       27997
       28097        6917
       14479       14929
       22073       23627
       18587        9151
        7559       29251
       16631        3463
        9337          13
       23531       14639
        4259        4001
       12157       21407
       28571        3373
        5843        1621
       27241       16223
         229       11551
       22153         947
       13789       17851
       23189         881
       14939       27697
       30269        5431
       20441       29983
       12263       25537
       28087       23603
        6991       20681
         307       19597
       23059       24151
       16811         691
       15161        7577
        4283       27823
       15217        4463
        8731        5441
       24443       10501
       28279       13619
        2749       21773
        3923         139
       16417       29339
        9733        3581
       27073       12107
        8681       19121
        9931       12763
       30211       22111
        5273       20369
       10739        3779
        9811       17477
       20359         107
        4783           3
       21023        4391
       23663         557
       15131       21599
       13879       10357
        4567       26557
        1019        6451
        1109       24877
        2477        1997
       16493        2273
       28109        8513
       15391       15823
        8803       12479
       15467       27739
       15679       22511
        3803        9781
       10477        7457
       18461        2339
        3881        5717
       22441        6343
       22811       22777
        9091        6173
        1999       30071
       24029       21647
       26641       10867
       27103       11299
       14747       24593
       11311       17807
       23203         163
        5851        4967
        8423       20483
       29741       23293
         491        4421
         727        9001
        1223        9967
       15907       21871
       29297        6011
       20347       27743
       12197       23909
       11467       11689
        7879       25013
       11497       19559
       30269       17891
       10663       15359
        9199        8761
       20357       16061
       16319         863
       29269       24697
        8209        6113
       30253        7417
       20807        5563
       29851        3407
       10289       26317
        3019       10723
       23167       26347
       16273        4649
       12143       24799
       24821       10859
        5857        3449
       18433       23539
        1973       17107
       21863       19319
        9803       23057
       12517       27763
        5653       15401
        7607       12263
       24971       22637
       23671       19889
       30637       28219
       24767        4721
       10663        8059
       17903        4567
        4909       27733
        9221       24763
        1427        6491
       16001       24391
         463       16267
       14767        9697
       21061       27791
       27803       16267
       23909       22129
        1471       22751
         131       24691
       10613       17569
        7151       13781
        5867       26833
        6563         419
       21011       22871
       26263       28547
       21737       26927
        5393       28277
       22307       24733
        8297       13327
       12097       17573
        3673        9733
        9697        1889
       11689       15377
       18049       29429
       16001       14957
       18287       16823
         829       25057
       28607       21863
       25873        1151
       29537       21757
        9733       14411
        5323       21277
       27767       22651
       23369        2927
        2113       18839
        9157       28793
       23339       20389
        7591       13049
       23017       22133
       29399       15241
       19919       24841
       17837       22709
       26263       10501
       19463       23893
       30971       22861
       30637       12379
        6451       20359
       28289        9769
        3301       19429
        2741        5323
       31321       17191
        6079        5119
       29881        1097
       21341       12037
       12437       15787
       25309        9109
       18233        6079
       23071          89
       20149       13789
       11239       23339
       20879        6427
        4817       26003
         521       11197
       27487       25601
        6469       19207
        9817       25657
       10391        3821
       27103       16363
       14699       29741
        4357       22133
       13751        4759
       27617       27611
       14879       29063
       16097       21991
        1801         383
        8563        3727
       21101       25153
        5783       16547
       21991        2749
         599       16421
        4441        5581
        9439       19157
       26861       20551
       15427       14243
       26959       11317
        1091       11113
       19087        1789
        4561       27551
       30187       20023
       29759       27737
       12841        8447
       13337       13109
       24337       28753
       26107       12589
       29959        6571
        1831       14323
         409        6869
       17471        9829
       21313        7949
        8297       11423
        8803        9839
       25673       22093
         193        7873
        9221       14767
       26393       15313
       26317       27437
        8221       28463
        2053       22469
       15313          31
       17471       26267
       26423       20201
        5939       15511
        7993         421
       24379        7109
        3217       29129
        2797       24107
        5101       17167
        6163       25693
        8537       10651
       29347       11059
        6277       19867
       12547       13339
       16787         271
        3701       22153
       27481       27827
       28579       15667
        9649       20807
        4877       11813
         587       11923
       10433        4463
       21247       26479
       10039       13913
        1129       28019
       21383        2939
        5113        8269
        1033       15121
       15461       21929
       14561       15919
       19997        3929
       25127       13037
         503       22543
        1451       27043
       25309        6899
       24919       14713
       10477       25561
       17981       15427
       28181        9613
       13681        2113
        7507       20333
       24421       13127
       13121       22441
        7537       28603
       14153       13187
        6011       25163
       29363        8317
       11071       14983
       18859        2437
       23563       20771
       22303        1423
        7621       15877
       30103        7177
        4201        3593
       21283       19919
       11827       17291
       11257       28649
       26237       29629
        8747       24097
        6733        1031
        5153       12119
         823        2473
       18713        1699
       25439       21911
        9203       18131
         787        2273
       30557        9631
        1093       14843
       28097        4129
        2309        9817
       25999        4723
       13781       14387
       22291       27749
       24953        1217
         911       19477
       11119       13421
       19919       29437
        4933        6841
       12011        5779
       23993       14159
       25237       14753
       21139       18869
       17239       13907
        4993       12781
       30119       28751
       26407       13499
       20611        6067
       18773        7649
       20269       24481
        6571       24551
       15859       23977
       15077       21433
       25097       25171
       15083       24181
        9281       15091
         191       22501
       15551       11467
       26539        8629
        6691         863
       24659        4831
       25793       18913
       24373       17257
       13217       13367
        8737        1367
       26119       20089
        3413        2269
       22441       13933
        3079       10867
        5297        1049
       12097       17551
       26861       19801
        5557        7207
       19447        2693
        6073       25343
       24281        6379
       24083       22853
       14669       26003
       15973       27091
       21107        1669
        8287       20507
       12739       22697
       12637       13759
       12917       12619
       18133        5939
       14347       15083
        2591       15377
       30449       17957
       28813        8011
         569       20011
       15877       26357
         103       13217
       17231       15137
        6547       29947
       11131        5653
       19891        2939
       17491        1429
        8353       20551
       20369       26879
       16447        3011
       11279       14843
       15199       27017
        7669       26251
       23537       11329
        4523       17099
       25793       23269
       24179       26729
        9413       22469
       11317       21019
       16231       25703
       10111        8467
       12347       27617
        8117       17159
        4451        8537
       26261       18077
       21059       24877
       31123       15199
        8501       25903
       31193       17707
        9929       21661
       17317       18617
       26017         277
       13397        3137
       14437        2063
       20849       10181
       19471       23209
        9311       17509
       10181        4649
       17471        2053
       30169       10093
       26309       21559
       11279       26309
        5581       13121
        8779       22073
       23029        5779
       19681        3301
       17519        8623
       12433       16741
        9661       24533
       24469       29573
        6317       20341
        7691       16943
       11161       17377
        2351        3389
       18451       19081
       10133       25919
        6599       14033
       12109       27791
       23447       15733
        2903       18427
        3083        2897
        7541       16493
       22409        6827
       27211         443
       11369        3109
         601       26423
       29131       22193
       24071       24509
        8467       28807
       13339       20947
       11393       14389
       26263       15667
         397        6959
        8087       20089
       29663       10067
        4241        2963
         773       24281
       30703       29927
        1697       15629
       13477       20333
        9157        1289
        5581        2213
       30109        3061
        7549        9343
       11471       29179
       11369       12011
       25903       23209
        5521       10337
       19139        3407
       29881       12269
       12539        5179
       16529       10861
       16141       11287
        9587        1489
       19861       28547
        3847        4871
       15269        3083
       14897       27241
       19237         587
       21499       11903
       18371        1709
       10847        2699
       28289       21179
        9803       19249
        8221       29669
       18911       24137
       18287       10163
        2713        5449
       15667       20639
       20143       10993
        7039       10337
       27673        3709
       12253       11719
        7573       24877
       30757       23887
       25849       15319
       22709       17791
       22573       28703
        3851       12689
       19471       17551
       20719        4139
        3169        6833
        6317       25679
         761        7481
        5783       10831
        9689        5693
       13477       17327
        6883        7433
       22871       19181
       20509       24443
        6869       16103
        1531        8543
        9103       12239
       11273       18217
       30449       16747
        9907       10321
       18959        5227
       12983        1549
       18223        9221
       25841         269
       24799        5711
       15287       17327
       17609           3
       23563       15581
        4969       12979
       16073       27851
       13109       22739
       29401        5087
       24049       21617
       16619       10271
       27941       12637
       19891        9011
       20353       12647
       28183       18731
        4273        7103
        1583       14783
       26627       17881
       28051       13159
       28579       17837
       22727        4481
       21839       17107
       21577       15919
       10903       23369
       17569       10709
        5939       10739
        3617       10267
        8521       15671
       30469       21841
       13177       16871
        9967       12101
        6229        3617
        4483         367
        1181        6163
        9859       25889
        7297       10301
        5413        3557
        8147        8017
       26371        9157
       12577        4327
        5857       11273
       29333        2423
       19259       27701
        2351        9787
       26189        7933
       10559       12323
        6151        8467
       24413        9551
        9967        7879
       23159        2027
       27967       23971
       17443       11621
       14957        5237
       30637       10133
       27479       29401
       30931       27631
       28219       13187
       31147       29663
        6577       22003
        3739       21499
       30293       13187
        9973       16493
       25667       12149
        1543       18199
       15913       25391
       22259       25153
         571        8167
        5581       13831
       11443       12391
        7699       15731
       13751       16217
        3361       28433
         263         283
       18251       22691
       26113        7589
       24251       24697
       14549       24917
          47        3709
        4999       10067
        3559       27691
       17497       15619
        9311       19373
        7127       26863
        2741       20233
       15971        2861
       31063       27271
       27647        7591
        7331        3083
        3719        3833
       27107       18289
       26339       18583
        3643       15061
       27031       10037
       13591        3803
       19427        2749
       13513       24953
        3307       14827
       13477          13
        6863       11839
       13327        4649
       20921       11047
       28771       19423
       29723        6577
       15727       28403
        6581       15919
        6317       21881
       19841       10321
        7331       24799
       17471       16427
        4217        8887
       11171       24443
        8573       17419
       21493        4877
        6113       24851
       24677       10303
        8429        8929
       18451       20549
       30211       29599
       23677       18233
       13337        6803
       12511       15971
       27143       22157
        1693        2909
        4933        4201
       18839       15791
       27527       17209
       13099        4651
       15263       25903
       11483        7573
        2591        9133
       14869       16567
        4091       19373
       25253       10453
       29917       25457
       14713       20323
       29453       10223
       19507       24317
       12113       25147
        1811       18397
       13807        5099
        9749        4289
       13879        4271
       20051       19207
       11939       18341
       22877        3461
       17599       23917
         349       19867
       16193        3343
       14741       30071
        1291        2609
       15773        7321
       10837       20333
        5393       23203
        9203        1427
       25703       15493
       11173       21821
       25997        6529
        2593        6829
       24151        8147
       20359       23297
       19273       18839
        2663       15149
       13121       12637
       15439       10979
       26723        8101
       20551         421
       20431       14639
       22787       21013
       28657       10271
        3343       16301
       20297        3313
       16361        1669
       24781        6967
        1627        6841
       23053        9721
       17299        3461
       19991        9883
        9851       27763
       25339        8623
       28607       15497
        1753        6073
       14557       28319
       27817       23017
       25679       26183
       13679       14851
       19559       20719
       25087        3671
       11351       22973
        4013        6529
       21341       11287
       19373       17957
       15859        9803
       17737       28927
         103       10427
       28789       17863
       29303        2543
       21121        7681
       31267       14437
       18757        8353
        3863       20681
        9791       16363
       23459       11699
       13963       28591
        9643       27779
        9619       25579
       12547       25373
       23549        2843
       21529       28513
       15569       25609
       12503       27809
       15619        2591
        6343       24821
       25033       26783
        3259          13
       24631        2213
       29077        5167
       24281        7559
       18287        7927
        6481       22063
       20731       26731
       20431       11617
       22807        6971
         677        2753
       25033       13931
       14251       29443
        6131        9001
       12689       24371
         997       10957
        4561        1753
       22291        7039
       14797       23509
       17669         881
       10331       12143
        2777        6991
        9787       17041
       14929       18229
       22807       17137
        8963       14731
       15331       27329
       25261        1523
        8999       20717
         997       11903
       26597       28697
       17707         409
        7333       25583
       17099       10781
        4139       28087
        1171       29173
       25999        9067
        7369       15767
       20051       19777
         107        1571
       12203       17047
       11939        3187
       27397       23017
       22483       20123
        7789       24181
        9187       15601
        6029       27529
        1471       30029
       28541        5419
          29        1733
        9181       13109
       17489        8537
        1871       14551
       18587       20981
       19867       23053
        3691        5623
       23857        9679
       19391        9767
       30137       26693
       27239       16607
       17099       12113
        8599       22961
       26393       10247
       15017       13219
        8677       28933
       30071       16981
       18047        8539
       22961       10111
       11903       19387
       20789       24533
        2531       16699
       26297       24407
        3001       16411
        5813       11287
       31219        5861
       24407       29531
       14897       23869
       12919       21247
        3547       22273
        3917         439
        4861       12653
       10613       18097
        2237       23869
       23917        2341
        1601       26459
          17       21991
       16931       18143
       10867        1193
       30389       18311
       22943       28057
        5431       25759
        9787       21601
       10139        4957
       17903       18803
        3709       21773
       21803       22679
        1213        7559
       15391        4129
       16993       26177
         547       10567
       14821        6091
       13781        8447
        5743       23291
       17393         271
       30367       25057
        8237       11177
       20627        8209
       30839       17957
       21491       17029
       27631       29153
       24373       11383
       12037        4999
        1723       14387
        6203       12277
        2803        8081
        2767       12479
       13963        6427
       24061       15647
       11699       26627
        3581        1621
        8951       26347
        8311           5
        3433       10061
        1367       11467
        2467       14153
        5741        2711
       23431       11161
       15749       14369
       17627       20389
       25939       12377
        9859       17489
        6451       20399
       29947        4423
        7993       21013
       28297       13763
       29531        9767
        8699       25717
       26309       28979
       26227       13633
        6659       21577
        6197       13183
       24473        7951
        1451       16651
        8443       20921
       25321        4451
       11699       23021
        8971         797
        8669        9109
        4019        6679
        6737       17707
        7577       22549
        3547       28163
       21841       18917
        5651        8887
       14593        8599
       10613       27983
        9209       18839
       17117       21893
        2557        5591
        5827       11867
       28099        9173
       23819       15817
        9103        3529
         587       24049
       20551       14951
       26309       16619
       11801       22777
        8467       26021
         661       21821
       11287       26701
       22993       11969
       11549        3659
        3539       29009
       20543       15727
       12503       21863
       14149       18719
        2791       28843
       26449       26227
        8719       27743
         281       26561
       22271        6389
       23623        5449
        4523        1303
       31079       24137
        1451       13417
       22123         719
       29033       27799
       18583       22853
       26683       13901
       14303       27541
       16981       19181
        1993       23977
        1697       25913
        5431       18593
       11593       24611
       24763        4591
       13691        4049
       22709       21011
        6299       21017
          83        1193
       24229       21577
        1787        7321
        1187        8731
       12517         107
       23071       26783
       13421       16703
        9067       18133
       18311        5147
        7001       19979
       22349       16493
       26189        6247
        3931       18719
        9781       14033
       14051       19963
       28661        4217
       25343       28069
       11287       10831
       28057        2203
       28279        5647
       19891       29569
         829       13007
       26297        4127
       12157        3137
       23459       15823
       16361       26357
       21871        9151
       23117        2693
        2999       17231
       22051       19081
        2659         277
       15727         601
       22123       13103
       14549       13151
        6287       13037
       12037        1129
       27361        9091
        4861        1019
       29137        3803
        1291        1999
       11423        2971
       14717       18617
       11491       21851
       13567        2557
        9697       29989
       26437        8543
       25301       21059
       13009       14153
       25621       12329
        9277        5717
          59       29101
       17293       23029
        5471       11813
       25169       23227
         463        2311
         139       26731
       19753       23831
        3323       19583
          23       21943
       20177       25621
       13451        3343
       13309        8117
       17957       26459
       15413       29453
       10177       13187
       20297         173
       11969       12541
        1783       15619
       17341       25741
        2699       11321
       30197       13711
       24551       23629
       21727       19391
       20947       13687
        3617        3187
       24977        5399
       10607        6203
         997        2287
       20771         691
        3847        2699
        1847       18401
        1031       17881
        7877        6211
       22367       23029
       19139       20759
         727       17789
       11939        1009
       11887        7019
       30169       10007
       10613        2129
       13829         193
       30839        4337
       11887       26849
       10627        9467
       11117        3061
       27529       13267
       15101       15679
       15137        1307
       26237       16979
       16193       22109
       16339       24391
        5987        4973
       11681        8599
       15139       20347
       12659        2137
       14341       19477
       10867       11071
       12757       22079
           3         103
        6779       15991
       17627       24967
       27337        2531
       25603       23789
        6547       18461
       14629       29753
        3659       18587
         941       18583
       12823        5869
       21937       16883
       29411       20663
         467       23887
       19219       12037
       14717        3793
        6151       27059
        7919       10039
       27767        5647
        6577        7933
       29131       14029
       22259       28057
        5623        7309
       11117       22283
        4409        3779
       14683       21503
       27179          73
        2411       10939
       16189        6361
        3359       23291
       17851        8423
       17443       14461
       25457         907
        8059       29641
       16607       23041
       15661        1493
        3253         139
        5101       12917
       28201       27397
        8429       12281
        7841         829
        7919       28027
       24181       17519
        6829        2027
       25981        9743
       30109       11087
       18587       21751
        8093       17033
       26251       22613
       16061        9767
       20183        6481
        5231       19087
       18061        1753
        3407         103
        2111         877
       13007       19813
        9721       17923
       24023       21937
       21737        3557
       27997       22193
       15193       21851
         827       29059
        9391       12781
        7537        2131
       23833       12527
       11617       21599
        9049        9787
       13367       27061
        8501        3499
        9679        2239
       24749       12829
       28549       19157
       27487       17401
       27127        1427
       13421        8431
       31019        5527
          97       13397
       16831       22003
        8923        2011
       17033        8699
        7933       27277
       28001       22777
         379        3917
       26993       10177
       20051       26189
        3391       16183
       14243         647
       15739        1789
        1117       23203
       19489        7517
       15887         149
        8101       17207
        4363       27901
       14591       15187
       14669        6247
        3643       26713
       21491        6007
       27073       18313
       29363       21187
       29167        3049
       14011       29387
        5503         919
        1871        3643
        5021       27017
        2521        8741
       10457       23203
       27127       26951
       18661       20809
       13687        6323
       31069          97
       16831       11779
       22621        1663
        3931       17159
       17863       23339
       12343        2579
         787       17093
       15277        9277
       27271        2711
       11579       20981
        4783       22921
       22531       12781
       17807       21481
       12203       25621
       19387       14323
       24247       12893
       30293        9109
       22433        8689
        2423          29
        9371       19469
       21317       25933
       20201       18869
       13487        6871
        9649       14033
        9239        5189
       24793        7219
       21191       24517
       18587        3407
        3209       12721
        1601       15137
       14057       24683
        6991        3547
       26017        6863
       22783        9341
       18731       27799
       23753       14633
        9377       14177
       13163        1759
        6619        1213
        6719        1151
       18457       17449
       13649        7963
       28817       12619
       27179        4507
       10253       18043
        3271       28793
       26309       28297
        4457        7109
         467        5569
       25219       15731
       13009        6397
        3643       29501
        8963       25453
       12853         577
       17183       13421
       17389        8573
       18061       18289
        2399       29269
        4637       26203
       20393       15017
       10837        9203
       12983         491
       18979       24371
       29347       22271
       16561       10937
       27673       17807
       13339        1213
        5981       21599
        4931        4519
       12157        5657
       25919        8861
       18701       27803
       21611        6263
       15439       23831
       15031        6653
       28573       19681
       12253         709
       11299       14347
        5693       20903
       28843       20903
       20051       15973
       12601        9173
       19273         907
       11831       10903
       27691        6389
        9173        3469
       16729       20563
        8161       28349
        7717        3307
       12227        6011
       20411       13687
       18269       23189
        3539        2293
        1747        2239
       25261       24151
        4373       27107
       22129       22943
       23537       21601
       30427       18439
       27337       10133
        5839       25889
       24413       17477
        1733         521
        5153       27791
       17041       22147
        9587        8467
       11299       27817
       22709        5449
        6491        9421
       17597       13103
       23833       18199
       14939        5591
       13219        8669
       12479       16937
        6131       10867
       18749       10067
       10789       12253
       28211        9419
       30671         719
       28867         991
       13397        3593
       30697       10723
       20939       17027
       18433       21599
        7559       17729
       13399       20897
       31051       29399
        5843        4751
        5261       27031
       26267       27941
       12541       19069
       15737       15937
       14653       13499
       22367        2939
       24091       17581
        8969       19319
       28393       13267
        3167       22571
        9491        7043
        9649         491
       19069       16363
        2551       13723
       10163       22343
        3019       21061
       16811        8807
       18427       23801
        3803       20509
        5783        1997
        5689       12071
        2087        5119
        8101        9421
       19373       17029
       25951       22973
       21377       11411
       25997       19333
       17681       28537
       11839        8039
       20879        3037
        7489       16007
       10331       20063
        7499       10499
        2089       26777
        4583       24181
        5209       22153
       16447       11329
       26861       20789
       11173       29629
       10103        9403
         479        3547
         953        1283
        6491        3121
       21751       20327
        7243       12791
       16901       10369
         223       14519
       12473       24247
        1429       25643
       10733        8231
       24847       24103
        7489       13721
         421        1733
        3631       16067
         541       15013
       12503        4703
       16963       19301
       27011        4813
       14951       12007
       26297       18313
       24061       22079
       25673        6701
        2011        3637
       12379        2621
       23333        8273
       16699        1619
       12479       21773
        3917       19739
       24907       12541
       17047       13879
        1559         269
       25127       29629
       17047       29423
         509       24859
       20563       13003
       31039       12413
         941       26041
       28393       25717
       27773         797
       20789       23669
       30271       11863
       19141        4261
        7547        4373
        1103        9227
       30851       29473
       19379       17497
       23417       27253
       30677       16567
       21737       21031
        9181       15107
        9689        9187
       11927       17837
       26783        3907
       19013       22129
       13187        5023
       30097        4519
       26993       22307
        5981       29201
       30313       13151
         809       10099
        8291       20107
       21191       27431
        1087       26141
       19469       27481
       13309       26249
       10729       11519
       18553       19013
       14173       18133
       28219        4919
       26951       24329
       12541         773
       16073         389
       28817       28307
        4663       27011
       19231       23819
        9521       25357
        9859       14029
       20297       23827
       18199        8753
       14087        3833
        5393       23029
       31013       10891
       26317       23609
       23773       15761
       21599       27901
       17477        7699
       29411       10139
        7883       15373
       23029       15077
        2879       12107
       18959        2069
       29599        1109
       21379        6379
         563       28319
       17977        9209
        5323        3121
       11071        2447
       30809        9949
       25643       11287
       16963       28933
        9631        9539
       15349         937
       28411       21773
       10321       29599
        9007       16097
        9421        8923
        5279        9973
        6857        9497
       22441       15809
        6599       17903
       30983        6473
       25621         941
         313       19997
       12809        6089
       23293        7573
       19121        2417
       12373       27067
        2927       19477
       12071        9679
        8893       15973
       10301        1217
       16427       29101
        6703       29363
       24443       20959
       11471       23789
       11833       22283
        8017       18233
       17321       29429
        5623        5779
       14683        9319
         359        5279
        1993         257
       18787       14653
       17383        2909
       28409       25463
       15559       25939
        2683       20219
       20441        8317
       26903       21139
          31       14293
       25457       13877
        9239       15887
        1031        4729
       18917       10243
       25253        9547
        9041        6701
       17299       25759
        4049       12373
        3593       29209
       26189       11839
        9391       16301
       26597       16703
       17389       14947
        2239       23297
        1327        3041
        6067       15413
        2897       18169
       20873       22483
       24251       13219
       31307       21059
       21163       24049
        9547       12799
        4423        5077
        7253       11071
        2719       21139
       28813       17657
        8527       27487
       31249       10847
       16567       29587
       25321       24109
        6131       20327
        7583       29587
       14821       23059
        1861       13441
        8681        3593
       10079       21559
       10903       29587
       30643       27409
       19483       29567
       10837        3853
        3539       10211
       18341       19211
       19211       16811
       30643       14533
         839       17891
         353        3011
       10589        3221
       19013       20089
       27281       11489
       20887       29633
       28069        9431
       20719       12919
        5927       22861
       25849       15761
        9631       19997
       17959        1123
        5939       16417
       23747        8837
       22877       15289
         853       13567
        1777       26251
        9277         641
       16561       12263
        8039        8941
       17053       19079
        5623       12373
       28279       10799
        1543       26701
        3671       17093
       29339       18301
       26357        1861
        5477       25951
       15217        9011
       30509       14657
        4877       20809
       18077       15569
       22877       25633
       15227        6737
       26177       27847
       18913       27239
        8101        5441
       17183       19009
       20693       21701
       14143       21559
        3607        5009
       18713        2791
       27799       12301
       25889       17911
       23911       16067
       10463       16693
       25147       23629
       25321       11969
       28621       11909
       30211       15809
       16993       15919
       31019       27061
       12601       16183
       26119       25703
        2459       10861
       20047        9973
       11551       11321
       18181       17851
        7883        2887
        1193        2927
       29879       26881
       23869        6607
       24007       26947
       12911        8783
        9187        8699
       26083       20359
       27211       19073
       12277          47
        7841        1607
       26249       21799
       19427       19267
       23339       15107
        1531       12503
         233        4751
        9283         193
        4729       25349
       27737        7237
       13691        6719
       29741       14753
       20341       26731
       28289       18521
        2897       12107
       16879         461
       29303       21467
       27997        7681
        8191       12239
       27091       28619
         173        2963
       12511        7013
       18253        2749
       24763        9871
        1549       19273
        7699        8861
        5507        1877
       22937       16693
       21139        2381
        9923        9397
        5051        5477
       20441        5749
       17987       19087
       21841       25943
       26693        6763
        5521       11867
       13873         157
       18443       23827
       30509        6899
       28789       12911
       21157        8563
       26863       15217
       15767        1931
       18191        9839
       11069       17957
       18379       28463
       17977       23279
       18127       28517
        9391       19483
       17257       18797
       22123       17209
       23531       25847
       20753       11393
        4057        1213
        1453       12583
        8287          19
       14831        6907
       18043        2687
        1901       22441
       18397       20369
        4493       10253
       21757       18233
       20903       20023
       16927         107
        6679        2351
       14221       26371
       18979        7411
       10301       23417
        9587        2633
        9803       13999
       30911       24373
       15913       22171
       11003       26951
       10069       13171
       20549        4951
       27653        3947
       21881       12487
       24697        6449
       20551       11027
       24977       20029
       18191        8297
       12527        6203
        6719       12437
         293       12517
        4967        2099
        5323       16759
       19141        9277
       23603        1399
        9281        5233
       11083        4889
        1697        2777
        5749       28099
       11399       16529
       20717        1783
       28669        4651
       23993       10289
       20963       22619
       16963       20123
       18307       11909
        3889        4021
       18713       20759
       27773       20897
       19441       23339
       22063        6247
       13619       15773
       25453        4649
       13009       28087
       19583        6793
          53       12007
       12829       29989
         797        6481
       15733       28393
       11027        1259
       16061       13687
       18787       12973
       30713        8081
       15647        1549
        5749        8429
       19727        2389
        8693       27059
       23311        3709
       14767       19841
       18553        6311
        2833       11927
       22807       12763
        7489       11593
        1999       25933
        2879       14699
       26371       23327
       28927       13523
       25999        6823
        3121       13309
        7757       25237
       23297        2683
       30089       20663
       23369       26921
       30727        1439
       23117          83
       12479        3061
       23993         647
       24229       14369
       18353        4261
        2081       21019
       30109        2857
       25261        9209
       22871       26357
       11093       16057
        2029       27691
        1933       11173
         479         181
       19813       21019
         983       18617
       28729       27427
         127       15667
        4327       19163
       24547       21433
       27337        7529
       20393       18307
        6079         883
       13291        8363
       28351        4153
       25471        6907
       20287       11071
       26953        6961
       14741       24841
       23251        5669
       22079       20521
         149        6323
        1831       17707
        3259       13339
       29879       25171
       16063       28051
        4219       13669
       31321       11681
        8641       13751
       29873       17471
        1823       28619
         191       11579
         709       26263
        7127        9173
        9631        3229
         919       19541
        5653       27283
           5        4243
       25643        8297
       19571       26449
       11447       27017
       22741       25013
        6701       13537
       15271        4231
       26921       27791
       20747         157
       29063       14683
       22271        3833
       16339        1999
        7817        3571
       16061       24097
        5569        9721
       27427       19259
       15901       10357
       24809       14939
       26669       13619
       15061       13397
       21937       25253
       24203       14869
        5737       11801
       19543       27737
       21179        9539
       24103       22697
       14759       19961
       19583       20599
       18451       11779
       25013       18127
        7883        6163
       11471        4229
       31249       17209
        7411        4397
        1087        7639
        7219       29531
       19571       21401
       14827       25903
       17477        7573
       11743        5303
        7481       17351
       10987        6007
       24329       29173
        5987        5153
       11549        6823
       10267       24499
       15791        7309
        9851       23087
       27197       23339
       29347         607
        4973       22643
        5503        2437
       16699       23813
       19207       15467
        3631       15859
           5       16333
       22511         829
       27143       13331
       13729       24239
        7243         241
       22541       28921
        4297       22811
       22079        5233
        8311       20161
        7283       23671
        3517       16927
        7933        7607
       15439       15289
         653       10771
       29423        5303
       23917       18397
        5653       29207
        8941       13451
        1249       25667
       13781       10613
       20323        1097
       21557       27449
        5179       24049
       28627       18583
        8011       14057
       21863       22501
       26861       19739
       11299       27091
       26863       19069
       20599       13037
       30559       21611
       23293       27583
        7307       18379
       17729       16451
       13691       23719
       28927       28393
       21727       21143
        3833        7057
       29243       10657
        3581        3607
        3319       24989
        5413       22433
       30181       28211
       18049        4001
         743         367
       27791       19889
         547          97
       17609        5821
       31139       13757
       20051       26183
       19583       11467
       26003       26849
       17971       12757
        6949       18679
        8443       26029
       27767       13259
       15319        2243
       31271        9059
        4139       14723
        8627        3457
       26177         313
       29473       15991
       29131         281
       27799       14411
       24281       29803
        6113       29581
         937       11299
       18149       24043
        2143       24907
       16001        3691
       27211       20011
       26417       20717
        2441       14519
       11273       17977
       23357       27791
        7019       18269
       13537       11503
       27791        3823
        6131       11083
       31271        7039
        1471        3947
       30893         691
       12547       13877
       26431        7027
        5827       14843
        6203        9623
       19531       22717
         811       14419
       29059       13901
        2777       14293
       25147        9473
       17189        9547
        1867        2971
        5279        4639
       11897       26161
       12451       22397
       24019       24517
       20681        8329
        6599         241
        1621       25741
        6299        9013
       27941        3919
        6911       20563
         487       19387
        1301        5281
       13921        4817
       14411       28579
        8123       20359
       21757       11503
          29       10093
       12253       14153
       19163        2797
       28711       14461
          59       28619
        7841         719
       28961        9413
       24001       18089
       31271       17317
       25603       11941
       25633       21139
        3169        9643
        5441       22123
       24029       14489
       11299       20707
       30703       12239
        1447       18181
       28099        9109
        5779       10487
        6379       10993
       14633        9923
       12899        2857
        7109       23629
       13613       12323
       26947        9787
        7537        2837
       10093       27091
        6659       22039
       29531       11443
       23879       15319
       18397        7853
       27479        5393
       24593       27749
       20333        6343
        8669        3209
       15173       24281
       29927       17359
        4987        7919
       20639       29339
       25999        1039
        6073        7393
       30341        9283
       27431       27337
       13309       22541
       24763       13099
         643       26731
       29387       24197
        4241       20173
        2677        9929
       15083         271
       20897         631
       30431       28643
       21787         547
       17839       25033
       18869        5387
        3019       11393
       23993        2539
       15233       23173
       15391       20939
       30293       15287
       25307       19417
        4507       26183
        1597       12823
       16231       19309
       15031       19211
       15767       28201
       29209       28517
        4007        5683
       12491       29863
       29209       26003
       25357         829
       12041         601
       30169       19819
        5077       19697
       22367       29917
        6091       15391
        3517        2441
       18523         733
       21379       19379
       30661       19309
        1453       22511
        6959       10223
       14411       25111
       10211       30071
       18367       10781
         101       14783
         757        7561
       24979       15277
        4243        5387
       19079        9041
       28537       26713
         877       19949
       30259         439
       14923        5209
        3583        3203
       21803        3637
        7639       24749
       17519         157
        5209       18911
       19889       29453
       21149         271
       13799          61
       20117       20809
       27793         389
       13729       21011
       13499       24551
        3221       25307
       13907       24251
       10009        5417
        4969        8081
        4019       19777
        9833        4933
        5651        4703
       10477        9173
       16927        7207
       26423        1531
       17519       14561
        5153        3691
       21487       24781
       16937       17123
        4021        8387
       16361       12763
        7963       18553
       24103       15493
        3889        1931
       29101       13799
       12227       11657
       15137        4969
       21713        1097
        2473        5531
       19441       22079
       19013        6563
       30011        6029
       20743       25391
       28579       19483
        7211        1979
       10979       14293
       12613        1693
       26371       12239
       13537       15217
       25117       23981
       14419        2593
       27449       27487
       19231       23831
       16567       22073
       11069       27947
       24391       20101
        5939       19577
        7673       26879
         293       12343
       11317        4049
       28229        1549
       11057       29983
        8753       26399
        8447       24019
       21277       10957
       30391       15451
       30631       16993
        4783        6029
        6899       14057
       21023        8053
       12959        2903
       24971        7793
        6311        7963
         607       14533
           3        1021
       31121        4091
       31319        1229
       19141        4973
       31247        1303
       20369       10733
       16691       22573
       28493       26449
       23087        7561
       20879        8293
       19219       24223
        2069       27431
       22303        7937
       12433        8161
         907       22271
       27847       26171
       10949        2963
       20021        6133
         227       26399
        1877        6659
       20477       25933
       16553        2459
         673       29333
       15817       12119
       24071        6971
       27211       23417
        2137        2389
       26903       17351
       11423        1103
       19181       20963
       16033        2753
        8699        5189
       11393        2801
       30467       24907
       30029        5867
        4933         463
        2203       17573
         769       29423
        8963       28871
       22447       10009
        7753       16937
        5849       13217
        3821       28219
       31177        9661
       18433       14867
        6569        1657
        4643        6367
       10601       27409
        6029       15629
        9239        6619
       17159       25523
       19699       11243
       17737        8501
       22247       18121
       26497       28837
       30841       11003
       23879        6373
       21101        5701
       20107       25643
          89       22807
       27997       18253
       20521       20509
       25951        7211
        2207        7649
       14461         563
       30119       18233
        4079        4967
       30983        8221
       29347       19597
        4027       27809
        1051       19853
       16981       11519
         337       11551
        4421       16843
       16993        4441
       12539        4091
        9871       11867
       23011       17419
       30293       16073
       16831       16363
       10139       11113
       25183       17791
       29453       12809
       28099       24023
       17981       22651
       16493       24749
       13763       13721
       17539        3863
         647       25913
       22111       28277
       10687       15121
       28403        1949
       10987       19139
       14923        9203
       17137       15731
       15919       11923
       16193        2069
       28393        4657
       20873        3463
       30223       29173
       19207         859
       27551        3191
       24767       13049
       22691       15139
       17207        3989
       26399         503
       20149        9281
       18701        1693
       10559        1429
        9907       20947
       28649        2677
       31249       20231
       10739       26701
       15803        9629
       12983        7717
        5279       17749
       23873       25153
        6427       23431
       21701       17207
       30553        6317
       27611        3917
         967        7877
       24391        6491
        7129       14633
        8101       14741
        3463       19739
       22483        4643
        7457       11689
        8521         709
        9839       20231
       24137         353
       24877       20359
       29819          23
        6269        6067
          73       18211
        3821       24419
        9551        7369
        8527        8999
        5821         127
       15031        3209
        1013        2357
        9461       25447
        1627       13009
        5843        8179
       29537       19211
        6067       10459
       12011       21617
       28711       18077
        5903       29599
       25969       28949
       12071       22619
       22279       13709
       11251        6427
        3067        7541
       30893       10663
       17911       23563
        4159       26573
         461       24179
        9277        9467
       13967        4091
       29527       26083
       10459       25391
        2777       17477
        1213        2833
       10861       23029
       22369        7993
        8849       29131
         821       15889
       16103       18869
       26993       22397
       14281       23971
        3049       13463
       21727       14783
       24371        4889
        4931       17167
       25889        2903
       12907        8969
        6779       18461
       21611        9437
        2707        4231
       25471        1979
        7867        5113
       29221       12541
       29633        3659
       25589       24107
       16993        6359
       17029       19157
       31033         547
       29243        6607
        8837       11261
       24907        7681
       21491        7127
       30367       22861
       21277        2579
       12487       16703
       15383       22447
        4787       28793
        4951        6719
       13681       14087
        8887       11261
       30869       15773
        2819       12241
       28547       21283
       12583        6271
       21407        1447
       13457        9467
       20857        1151
        4013       11633
       13553       19801
       26687        9829
       29101        3739
       23327       29761
       14449       14741
       12953         661
       20759       25981
        5701       26111
       12911       29129
       13259       20707
       14083       11813
       23677        2377
        5903       15061
         757        8501
        9781       27847
       10937         787
        3389        7237
       13613       29059
       26113       26839
       24841       25189
        4751        4079
       30529       11897
       12583        3943
       30011       28111
       27437       22111
       10949          29
       25799       28069
       24359        2357
        7537        8663
       23203       29017
        5351       25999
       27653          23
       18701        1217
       13997        1009
        7039        5273
        2311        9533
       22063        6089
       21881       17099
        6619       17471
       16127       10259
       24919       18341
         107        2293
        2663       27487
        6373       23719
        8783        5099
       28289        1303
       24499        3373
       20359         827
       23447       12973
       30517        1019
       16631        1823
       19457       28643
        7789       24169
        7793       18077
       23131         641
       19687       24781
       11863       16001
       13417       16249
       18097        9127
       19069       19121
        8837          83
        2309        7993
         547       16273
       20641       13967
       23297       16843
       26863        7487
        6709        9613
       11197        3457
       30449        7001
        5861       21163
        5437        3323
        8273       21713
       21961       14293
        9349         571
       17123       22877
           5       16829
       20959       26959
       28111       26371
       17713        6151
       28817       10771
       31081        4297
        5441       23059
       18301       14369
         743       21157
       20593        3343
       20921       12853
        2857       13309
       23741       15511
       11057       11807
       15401       25577
        5381       13417
       16547        3037
       20123        8369
       16823       16223
       16871        2311
        6421       21391
       26813        6529
       21269       28807
       15607        2851
       10111       10273
        9151       23761
         347       23539
       10247       10687
        8779        9539
        1979        3079
        8831         313
       18143        9421
       29453       16033
       28493       20879
        8171        4051
        8779        5437
       20101        4027
       14347       17791
        8719       24841
         433       22993
        1861        6733
        3863        1201
       26951        1787
       14717        5851
       15313       18869
       11801        8573
       28283        1979
       29101        9029
       26947       20789
       27779       23627
         739        4889
        4003       12497
       23743       12919
       20327        7867
       13469        7681
        7549       29863
       30323       26813
       11519       16879
       29437        1811
       11047        5431
        8737       18713
        6491       18233
       15809       15313
       26813       25439
       12101        2161
        3847       12647
         251         263
       27653       23447
       18637       13009
       13679       21757
       28537       16363
       16349       11087
         487       15361
       19471       26861
         223        5519
         563       25147
       11677        2207
          29       17839
       21767       15541
       25847       14563
       23197       18121
        2129       23689
       10867       11279
       11953       21787
       18701       21493
        5903       13757
       19403        3019
       11621        1861
        8243       19139
       13907        8011
       28933        6247
        6091        6991
       23971       16493
       20521       21587
       12893       24499
         463       22699
       15607       10253
       23099       24943
       30803       11261
        1117       29287
       25583       29917
       19471       10613
        4001       18671
        4523       18713
        4903        6091
       23957       15497
       21991       26597
         311       29921
       14249       17393
       28349       24001
        6151       17923
       13043       15643
       12917       17981
       18223       23279
