1 3.5
1.3103448 1.7807545
1.6206897 1.0466908
1.9310345 0.67544964
2.2413793 0.46534992
2.5517241 0.33649897
2.862069 0.25256188
3.1724138 0.19525109
3.4827586 0.15461784
3.7931034 0.12490543
4.1034483 0.10261141
4.4137931 0.085514176
4.7241379 0.072154201
5.0344828 0.061543317
5.3448276 0.052994865
5.6551724 0.046020721
5.9655172 0.040266862
6.2758621 0.03547191
6.5862069 0.031439789
6.8965517 0.028021285
7.2068966 0.025101364
7.5172414 0.02259029
7.8275862 0.020417304
8.137931 0.018526059
8.4482759 0.016871272
8.7586207 0.01541625
9.0689655 0.014131025
9.3793103 0.012990946
9.6896552 0.011975599
10 0.011067972
