   0.0000000000000000        6600.0000000000000        6600.0000000000000        0.0000000000000000     
  0.50000000000000000        6582.4397379398733        6582.4165684153595        2.3169524513832584E-002
   1.0000000000000000        6565.0595585292667        6565.0138699335375        4.5688595729188819E-002
   1.5000000000000000        6547.8569196817052        6547.7893452604458        6.7574421259450901E-002
   2.0000000000000000        6530.8293265885377        6530.7404828772987        8.8843711238951073E-002
   2.5000000000000000        6513.9743306239379        6513.8648179294923       0.10951269444558420     
   3.0000000000000000        6497.2895282802019        6497.1599311463660       0.12959713383588678     
   3.5000000000000000        6480.7725601323682        6480.6234477908520       0.14911234151622921     
   4.0000000000000000        6464.4211098312317        6464.2530366380506       0.16807319318104419     
   4.5000000000000000        6448.2329031238478        6448.0464089818142       0.18649414203355263     
   5.0000000000000000        6432.2057069006351        6432.0013176684315       0.20438923220353900     
   5.5000000000000000        6416.3373282682624        6416.1155561565702       0.22177211169218936     
   6.0000000000000000        6400.6256136475013        6400.3869576026382       0.23865604486309167     
   6.5000000000000000        6385.0684478952571        6384.8133939707686       0.25505392448849307     
   7.0000000000000000        6369.6637534500278        6369.3927751666579       0.27097828336991370     
   7.5000000000000000        6354.4094895000735        6354.1230481945149       0.28644130555858283     
   8.0000000000000000        6339.3036511735900        6339.0021963364052       0.30145483718479227     
   8.5000000000000000        6324.3442687502011        6324.0282383532949       0.31603039690617152     
   9.0000000000000000        6309.5294068931325        6309.1992277071340       0.33017918599853147     
   9.5000000000000000        6294.8571639014317        6294.5132518033306       0.34391209810110013     
   10.000000000000000        6280.3256709816260        6279.9684312529971       0.35723972862888331     
   10.500000000000000        6265.9330915382197        6265.5629191543658       0.37017238385396922     
   11.000000000000000        6251.6776204824946        6251.2949003928024       0.38272008969215676     
   11.500000000000000        6237.5574835590278        6237.1625909588483       0.39489260017944616     
   12.000000000000000        6223.5709366894298        6223.1642372837605       0.40669940566931473     
   12.500000000000000        6209.7162653327750        6209.2981155920188       0.41814974075623468     
   13.000000000000000        6195.9917838622387        6195.5625312703096       0.42925259192907106     
   13.500000000000000        6182.3958349574468        6181.9558182524861       0.44001670496072620     
   14.000000000000000        6168.9267890121209        6168.4763384200387       0.45045059208223392     
   14.500000000000000        6155.5830435565058        6155.1224810176291       0.46056253887672938     
   15.000000000000000        6142.3630226942223        6141.8926620832335       0.47036061098879145     
   15.500000000000000        6129.2651765530582        6128.7853238924863       0.47985266057185072     
   16.000000000000000        6116.2879807493637        6115.7989344167991       0.48904633256461238     
   16.500000000000000        6103.4299358655990        6102.9319867948689       0.49794907073010108     
   17.000000000000000        6090.6895669407013        6090.1829988171830       0.50656812351826375     
   17.500000000000000        6078.0654229728862        6077.5505124231549       0.51491054973121209     
   18.000000000000000        6065.5560764345328        6065.0330932105308       0.52298322400201869     
   18.500000000000000        6053.1601227988185        6052.6293299567114       0.53079284210707556     
   19.000000000000000        6040.8761800777647        6040.3378341516645       0.53834592610019172     
   19.500000000000000        6028.7028883713801        6028.1572395420917       0.54564882928843872     
   20.000000000000000        6016.6389094275828        6016.0862016865431       0.55270774103973963     
   20.500000000000000        6004.6829262126139        6004.1233975211644       0.55952869144948636     
   21.000000000000000        5992.8336424916488        5992.2675249357890       0.56611755585981882     
   21.500000000000000        5981.0897824193089        5980.5173023600855       0.57248005922338052     
   22.000000000000000        5969.4500901398251        5968.8714683594853       0.57862178033974487     
   22.500000000000000        5957.9133293965842        5957.3287812406179       0.58454815596633125     
   23.000000000000000        5946.4782831507810        5945.8880186659962       0.59026448478471139     
   23.500000000000000        5935.1437532089540        5934.5479772777007       0.59577593125322892     
   24.000000000000000        5923.9085598591628        5923.3074723298178       0.60108752934502263     
   24.500000000000000        5912.7715415155553        5912.1653373293921       0.60620418616326788     
   25.000000000000000        5901.7315543711074        5901.1204236856711       0.61113068543636473     
   25.500000000000000        5890.7874720583422        5890.1716003674073       0.61587169093490957     
   26.000000000000000        5879.9381853177701        5879.3177535680188       0.62043174975133297     
   26.500000000000000        5869.1826016738869        5868.5577863783828       0.62481529550404957     
   27.000000000000000        5858.5196451184966        5857.8906184670695       0.62902665142701153     
   27.500000000000000        5847.9482558012032        5847.3151857678195       0.63307003338377399     
   28.000000000000000        5837.4673897268385        5836.8304401740688       0.63694955276969267     
   28.500000000000000        5827.0760184596866        5826.4353492403407       0.64066921934590937     
   29.000000000000000        5816.7731288342993        5816.1288958903233       0.64423294397602149     
   29.500000000000000        5806.5577226727501        5805.9100781314592       0.64764454129090154     
   30.000000000000000        5796.4288165081416        5795.7779087758790       0.65090773226256715     
   30.500000000000000        5786.3854413142280        5785.7314151675146       0.65402614671347692     
   31.000000000000000        5776.4266422409737        5775.7696389152306       0.65700332574306231     
   31.500000000000000        5766.5514783559138        5765.8916356318250       0.65984272408877587     
   32.000000000000000        5756.7590223911548        5756.0964746787413       0.66254771241347044     
   32.500000000000000        5747.0483604958836        5746.3832389163572       0.66512157952638518     
   33.000000000000000        5737.4185919942365        5736.7510244596942       0.66756753454228601     
   33.500000000000000        5727.8688291483995        5727.1989404394271       0.66988870897239394     
   34.000000000000000        5718.3981969268125        5717.7261087680454       0.67208815876711014     
   34.500000000000000        5709.0058327773286        5708.3316639110499       0.67416886627870554     
   35.000000000000000        5699.6908864052348        5699.0147526630462       0.67613374218854005     
   35.500000000000000        5690.4525195559891        5689.7745339286248       0.67798562736425083     
   36.000000000000000        5681.2899058025723        5680.6101785078999       0.67972729467237514     
   36.500000000000000        5672.2022303373315        5671.5208688865978       0.68136145073367516     
   37.000000000000000        5663.1886897682107        5662.5057990305759       0.68289073763480701     
   37.500000000000000        5654.2484919192566        5653.5641741846739       0.68431773458269163     
   38.000000000000000        5645.3808556353015        5644.6952106757808       0.68564495952068683     
   38.500000000000000        5636.5850105907102        5635.8981357200200       0.68687487069018971     
   39.000000000000000        5627.8601971021108        5627.1721872339504       0.68800986816040677     
   39.500000000000000        5619.2056659449927        5618.5166136496873       0.68905229530537326     
   40.000000000000000        5610.6206781740875        5609.9306737338529       0.69000444023458840     
   40.500000000000000        5602.1045049474578        5601.4136364102515       0.69086853720637009     
   41.000000000000000        5593.6564273541690        5592.9647805861960       0.69164676797299762     
   41.500000000000000        5585.2757362454986        5584.5833949823837       0.69234126311494038     
   42.000000000000000        5576.9617320695652        5576.2687779662510       0.69295410331415042     
   42.500000000000000        5568.7137247093260        5568.0202373887132       0.69348732061280316     
   43.000000000000000        5560.5310333238349        5559.8370904242111       0.69394289962383482     
   43.500000000000000        5552.4129861927113        5551.7186634139953       0.69432277871601400     
   44.000000000000000        5544.3589205637227        5543.6642917125600       0.69462885116263351     
   44.500000000000000        5536.3681825034200        5535.6733195371608       0.69486296625927935     
   45.000000000000000        5528.4401267507528        5527.7450998203412       0.69502693041158636     
   45.500000000000000        5520.5741165735926        5519.8789940653996       0.69512250819298060     
   46.000000000000000        5512.7695236281043        5512.0743722047246       0.69515142337968427     
   46.500000000000000        5505.0257278208837        5504.3306124609380       0.69511535994570295     
   47.000000000000000        5497.3421171738219        5496.6471012107777       0.69501596304417035     
   47.500000000000000        5489.7180876916091        5489.0232328516568       0.69485483995231334     
   48.000000000000000        5482.1530432318350        5481.4584096708404       0.69463356099458906     
   48.500000000000000        5474.6463953776229        5473.9520417171761       0.69435366044672264     
   49.000000000000000        5467.1975633127340        5466.5035466753279       0.69401663740609365     
   49.500000000000000        5459.8059736990908        5459.1123497424460       0.69362395664484211     
   50.000000000000000        5452.4710605566661        5451.7778835072277       0.69317704943841818     
   50.500000000000000        5445.1922651456844        5444.4995878313075       0.69267731437685143     
   51.000000000000000        5437.9690358510779        5437.2769097329319       0.69212611814600677     
   51.500000000000000        5430.8008280691565        5430.1093032728595       0.69152479629701702     
   52.000000000000000        5423.6871040964334        5422.9962294424440       0.69087465398934000     
   52.500000000000000        5416.6273330205649        5415.9371560538484       0.69017696671653539     
   53.000000000000000        5409.6209906133554        5408.9315576323397       0.68943298101567052     
   53.500000000000000        5402.6675592257816        5401.9789153106267       0.68864391515489842     
   54.000000000000000        5395.7665276849921        5395.0787167251883       0.68781095980375540     
   54.500000000000000        5388.9173911932394        5388.2304559145505       0.68693527868890669     
   55.000000000000000        5382.1196512287015        5381.4336332194725       0.68601800922897382     
   55.500000000000000        5375.3728154481505        5374.6877551849975       0.68506026315299096     
   56.000000000000000        5368.6763975914391        5367.9923344643266       0.68406312711249484     
   56.500000000000000        5362.0299173877402        5361.3468897244802       0.68302766325996345     
   57.000000000000000        5355.4329004635329        5354.7509455537038       0.68195490982907359     
   57.500000000000000        5348.8848782522819        5348.2040323705833       0.68084588169858762     
   58.000000000000000        5342.3853879057579        5341.7056863348334       0.67970157092440786     
   58.500000000000000        5335.9339722070090        5335.2554492597237       0.67852294728527340     
   59.000000000000000        5329.5301794848911        5328.8528685261026       0.67731095878843917     
   59.500000000000000        5323.1735635301748        5322.4974969979912       0.67606653218354040     
   60.000000000000000        5316.8636835131620        5316.1888929397101       0.67479057345190085     
   60.500000000000000        5310.6001039027960        5309.9266199345102       0.67348396828583645     
   61.000000000000000        5304.3823943872239        5303.7102468046724       0.67214758255158813     
   61.500000000000000        5298.2101297958025        5297.5393475330438       0.67078226275862107     
   62.000000000000000        5292.0828900224760        5291.4135011859880       0.66938883648799674     
   62.500000000000000        5286.0002599505515        5285.3322918377098       0.66796811284166324     
   63.000000000000000        5279.9618293787880        5279.2953084959345       0.66652088285354694     
   63.500000000000000        5273.9671929488159        5273.3021450289079       0.66504791990792000     
   64.000000000000000        5268.0159500738355        5267.3524000936950       0.66354998014048761     
   64.500000000000000        5262.1077048685720        5261.4456770657398       0.66202780283219909     
   65.000000000000000        5256.2420660804673        5255.5815839696761       0.66048211079123575     
   65.500000000000000        5250.4186470220729        5249.7597334113516       0.65891361072135624     
   66.000000000000000        5244.6370655046385        5243.9797425110428       0.65732299359569879     
   66.500000000000000        5238.8969437728447        5238.2412328378387       0.65571093500602728     
   67.000000000000000        5233.1979084406794        5232.5438303451692       0.65407809551015816     
   67.500000000000000        5227.5395904284278        5226.8871653074557       0.65242512097211147     
   68.000000000000000        5221.9216249007441        5221.2708722578536       0.65075264289043844     
   68.500000000000000        5216.3436512058006        5215.6945899270795       0.64906127872109209     
   69.000000000000000        5210.8053128154797        5210.1579611832849       0.64735163219484093     
   69.500000000000000        5205.3062572665840        5204.6606329729684       0.64562429361558316     
   70.000000000000000        5199.8461361030695        5199.2022562628972       0.64387984017230337     
   70.500000000000000        5194.4246048192408        5193.7824859830225       0.64211883621828747     
   71.000000000000000        5189.0413228039342        5188.4009809703657       0.64034183356852736     
   71.500000000000000        5183.6959532856299        5183.0574039138619       0.63854937176802196     
   72.000000000000000        5178.3881632785033        5177.7514213001323       0.63674197837099200     
   72.500000000000000        5173.1176235293760        5172.4827033601750       0.63492016920099559     
   73.000000000000000        5167.8840084655749        5167.2509240169575       0.63308444861741009     
   73.500000000000000        5162.6869961436396        5162.0557608338822       0.63123530975735775     
   74.000000000000000        5157.5262681989152        5156.8968949641221       0.62937323479309271     
   74.500000000000000        5152.4015097959655        5151.7740111007961       0.62749869516937906     
   75.000000000000000        5147.3124095798203        5146.6867974279821       0.62561215183814056     
   75.500000000000000        5142.2586596280244        5141.6349455725367       0.62371405548765324     
   76.000000000000000        5137.2399554034873        5136.6181505567156       0.62180484677173808     
   76.500000000000000        5132.2559957081039        5131.6361107515777       0.61988495652622078     
   77.000000000000000        5127.3064826371374        5126.6885278311565       0.61795480598084396     
   77.500000000000000        5122.3911215343551        5121.7751067273821       0.61601480697299849     
   78.000000000000000        5117.5096209478952        5116.8955555857456       0.61406536214963126     
   78.500000000000000        5112.6616925868520        5112.0495857216820       0.61210686517006252     
   79.000000000000000        5107.8470512785680        5107.2369115776719       0.61013970089607028     
   79.500000000000000        5103.0654149266156        5102.4572506810318       0.60816424558379367     
   80.000000000000000        5098.3165044694706        5097.7103236023941       0.60618086707654584     
   80.500000000000000        5093.6000438398323        5092.9958539148565       0.60418992497579893     
   81.000000000000000        5088.9157599246191        5088.3135681537888       0.60219177083035902     
   81.500000000000000        5084.2633825255862        5083.6631957772861       0.60018674830007512     
   82.000000000000000        5079.6426443205910        5079.0444691272578       0.59817519333319069     
   82.500000000000000        5075.0532808254620        5074.4571233911365       0.59615743432550516     
   83.000000000000000        5070.4950303564901        5069.9008965641988       0.59413379229135899     
   83.500000000000000        5065.9676339934940        5065.3755294124830       0.59210458101097174     
   84.000000000000000        5061.4708355434941        5060.8807654362990       0.59007010719506070     
   84.500000000000000        5057.0043815049412        5056.4163508343117       0.58803067062945047     
   85.000000000000000        5052.5680210325199        5051.9820344681921       0.58598656432786811     
   85.500000000000000        5048.1615059025007        5047.5775678278251       0.58393807467564329     
   86.000000000000000        5043.7845904786291        5043.2027049970648       0.58188548156431352     
   86.500000000000000        5039.4370316785644        5038.8572026200218       0.57982905854260025     
   87.000000000000000        5035.1185889408162        5034.5408198678788       0.57776907293737167     
   87.500000000000000        5030.8290241922223        5030.2533184062258       0.57570578599643341     
   88.000000000000000        5026.5681018159112        5025.9944623628980       0.57363945301312924     
   88.500000000000000        5022.3355886197660        5021.7640182963132       0.57157032345276093     
   89.000000000000000        5018.1312538053780        5017.5617551642999       0.56949864107809844     
   89.500000000000000        5013.9548689374697        5013.3874442934057       0.56742464406397630     
   90.000000000000000        5009.8062079137972        5009.2408593486753       0.56534856512189435     
   90.500000000000000        5005.6850469355077        5005.1217763038912       0.56327063161643309     
   91.000000000000000        5001.5911644779453        5001.0299734122755       0.56119106566984556     
   91.500000000000000        4997.5243412619111        4996.9652311776308       0.55911008428029163     
   92.000000000000000        4993.4843602253495        4992.9273323259240       0.55702789942552045     
   92.500000000000000        4989.4710064954725        4988.9160617773023       0.55494471817019075     
   93.000000000000000        4985.4840673612989        4984.9312066185303       0.55286074276864383     
   93.500000000000000        4981.5233322466092        4980.9725560758434       0.55077617076585739     
   94.000000000000000        4977.5885926833089        4977.0399014882114       0.54869119509748998     
   94.500000000000000        4973.6796422851876        4973.1330362810040       0.54660600418355898     
   95.000000000000000        4969.7962767220743        4969.2517559400476       0.54452078202666598     
   95.500000000000000        4965.9382936943739        4965.3958579860755       0.54243570829839882     
   96.000000000000000        4962.1054929079910        4961.5651419495516       0.54035095843937597     
   96.500000000000000        4958.2976760496149        4957.7594093458756       0.53826670373928209     
   97.000000000000000        4954.5146467623754        4953.9784636509512       0.53618311142417951     
   97.500000000000000        4950.7562106218666        4950.2221102771182       0.53410034474836721     
   98.000000000000000        4947.0221751125073        4946.4901565494374       0.53201856306986883     
   98.500000000000000        4943.3123496042617        4942.7824116823294       0.52993792193228728     
   99.000000000000000        4939.6265453296992        4939.0986867565516       0.52785857314756868     
   99.500000000000000        4935.9645753613859        4935.4387946965126       0.52578066487330943     
   100.00000000000000        4932.3262545896087        4931.8025502479222       0.52370434168642532     
   100.50000000000000        4928.7113997004199        4928.1897699557658       0.52162974465409206     
   101.00000000000000        4925.1198291540122        4924.6002721425939       0.51955701141832833     
   101.50000000000000        4921.5513631633912        4921.0338768871361       0.51748627625511290     
   102.00000000000000        4918.0058236733630        4917.4904060032140       0.51541767014896323     
   102.50000000000000        4914.4830343398316        4913.9696830189687       0.51335132086296653     
   103.00000000000000        4910.9828205093809        4910.4715331563793       0.51128735300153494     
   103.50000000000000        4907.5050091991579        4906.9957833110811       0.50922588807679858     
   104.00000000000000        4904.0494290770457        4903.5422620324689       0.50716704457681772     
   104.50000000000000        4900.6159104421095        4900.1107995040875       0.50511093802197138     
   105.00000000000000        4897.2042852053319        4896.7012275243014       0.50305768103044102     
   105.50000000000000        4893.8143868706193        4893.3133794872401       0.50100738337914663     
   106.00000000000000        4890.4460505160660        4889.9470903640113       0.49896015205467847     
   106.50000000000000        4887.0991127755051        4886.6021966841836       0.49691609132150916     
   107.00000000000000        4883.7734118202989        4883.2785365175287       0.49487530277019687     
   107.50000000000000        4880.4687873413968        4879.9759494560194       0.49283788537741202     
   108.00000000000000        4877.1850805316417        4876.6942765960848       0.49080393555686896     
   108.50000000000000        4873.9221340683271        4873.4333605211132       0.48877354721389565     
   109.00000000000000        4870.6797920959898        4870.1930452841953       0.48674681179454637     
   109.50000000000000        4867.4579002094588        4866.9731763911150       0.48472381834380940     
   110.00000000000000        4864.2563054371149        4863.7736007835729       0.48270465354198677     
   110.50000000000000        4861.0748562244116        4860.5941668226433       0.48068940176835895     
   111.00000000000000        4857.9134024176001        4857.4347242724643       0.47867814513574558     
   111.50000000000000        4854.7717952476905        4854.2951242841455       0.47667096354507521     
   112.00000000000000        4851.6498873146356        4851.1752193799075       0.47466793472813151     
   112.50000000000000        4848.5475325717262        4848.0748634374313       0.47266913429484703     
   113.00000000000000        4845.4645863102005        4844.9939116744290       0.47067463577150193     
   113.50000000000000        4842.4009051440707        4841.9322206334200       0.46868451065074623     
   114.00000000000000        4839.3563469951469        4838.8896481667225       0.46669882842434163     
   114.50000000000000        4836.3307710782792        4835.8660534216433       0.46471765663591214     
   115.00000000000000        4833.3240378867813        4832.8612968258703       0.46274106091095746     
   115.50000000000000        4830.3360091780705        4829.8752400730673       0.46076910500323720     
   116.00000000000000        4827.3665479594865        4826.9077461086590       0.45880185082751268     
   116.50000000000000        4824.4155184743149        4823.9586791158117       0.45683935850320267     
   117.00000000000000        4821.4827861879876        4821.0279045016014       0.45488168638621573     
   117.50000000000000        4818.5682177744757        4818.1152888833667       0.45292889110896795     
   118.00000000000000        4815.6716811028627        4815.2207000752478       0.45098102761494374     
   118.50000000000000        4812.7930452240989        4812.3440070749039       0.44903814919507568     
   119.00000000000000        4809.9321803579223        4809.4850800504091       0.44710030751321028     
   119.50000000000000        4807.0889578799770        4806.6437903273209       0.44516755265613028     
   120.00000000000000        4804.2632503090708        4803.8200103759227       0.44323993314810650     
   120.50000000000000        4801.4549312946328        4801.0136137986356       0.44131749599728209     
   121.00000000000000        4798.6638756043149        4798.2244753175964       0.43940028671840992     
   121.50000000000000        4795.8899591117661        4795.4524707623996       0.43748834936650383     
   122.00000000000000        4793.1330587845687        4792.6974770580000       0.43558172656867100     
   122.50000000000000        4790.3930526723261        4789.9593722127765       0.43368045954957779     
   123.00000000000000        4787.6698198949198        4787.2380353067510       0.43178458816873899     
   123.50000000000000        4784.9632406308974        4784.5333464799623       0.42989415093506977     
   124.00000000000000        4782.2731961060408        4781.8451869209930       0.42800918504781293     
   124.50000000000000        4779.5995685820599        4779.1734388556406       0.42612972641927627     
   125.00000000000000        4776.9422413454449        4776.5179855357455       0.42425580969938892     
   125.50000000000000        4774.3010986964573        4773.8787112281534       0.42238746830389573     
   126.00000000000000        4771.6760259382681        4771.2555012038301       0.42052473443800409     
   126.50000000000000        4769.0669093662345        4768.6482417271081       0.41866763912639726     
   127.00000000000000        4766.4736362573149        4766.0568200450807       0.41681621223415277     
   127.50000000000000        4763.8960948596132        4763.4811243771246       0.41497048248857027     
   128.00000000000000        4761.3341743820720        4760.9210439045637       0.41313047750827536     
   128.50000000000000        4758.7877649842831        4758.3764687604589       0.41129622382413800     
   129.00000000000000        4756.2567577664358        4755.8472900195347       0.40946774690110033     
   129.50000000000000        4753.7410447593884        4753.3333996882293       0.40764507115909510     
   130.00000000000000        4751.2405189148731        4750.8346906948727       0.40582822000033048     
   130.50000000000000        4748.7550740958186        4748.3510568799938       0.40401721582475147     
   131.00000000000000        4746.2846050667968        4745.8823929867413       0.40221208005550579     
   131.50000000000000        4743.8290074845900        4743.4285946514356       0.40041283315440523     
   132.00000000000000        4741.3881778888808        4740.9895583942316       0.39861949464921054     
   132.50000000000000        4738.9620136930534        4738.5651816099062       0.39683208314727381     
   133.00000000000000        4736.5504131751113        4736.1553625587549       0.39505061635645689     
   133.50000000000000        4734.1532754687150        4733.7600003576081       0.39327511110695923     
   134.00000000000000        4731.7705005543203        4731.3789949709562       0.39150558336405084     
   134.50000000000000        4729.4019892504402        4729.0122472021876       0.38974204825262859     
   135.00000000000000        4727.0476432050045        4726.6596586849328       0.38798452007176820     
   135.50000000000000        4724.7073648868336        4724.3211318745198       0.38623301231382356     
   136.00000000000000        4722.3810575772122        4721.9965700395342       0.38448753767806920     
   136.50000000000000        4720.0686253615759        4719.6858772534824       0.38274810809343762     
   137.00000000000000        4717.7699731212870        4717.3889583865584       0.38101473472852376     
   137.50000000000000        4715.4850065255287        4715.1057190975143       0.37928742801432236     
   138.00000000000000        4713.2136320232803        4712.8360658256270       0.37756619765332289     
   138.50000000000000        4710.9557568354076        4710.5799057827653       0.37585105264224694     
   139.00000000000000        4708.7112889468362        4708.3371469455560       0.37414200128023367     
   139.50000000000000        4706.4801370988316        4706.1076980476428       0.37243905118884868     
   140.00000000000000        4704.2622107813640        4703.8914685720410       0.37074220932299795     
   140.50000000000000        4702.0574202255748        4701.6883687435839       0.36905148199093674     
   141.00000000000000        4699.8656763963281        4699.4983095214648       0.36736687486336450     
   141.50000000000000        4697.6868909848490        4697.3212025918629       0.36568839298615785     
   142.00000000000000        4695.5209764014653        4695.1569603606658       0.36401604079946992     
   142.50000000000000        4693.3678457684218        4693.0054959462732       0.36234982214864431     
   143.00000000000000        4691.2274129127863        4690.8667231724930       0.36068974029331002     
   143.50000000000000        4689.0995923594419        4688.7405565615172       0.35903579792466189     
   144.00000000000000        4686.9842993241655        4686.6269113269873       0.35738799717819347     
   144.50000000000000        4684.8814497067815        4684.5257033671387       0.35574633964279201     
   145.00000000000000        4682.7909600844041        4682.4368492580288       0.35411082637529034     
   145.50000000000000        4680.7127477047597        4680.3602662468475       0.35248145791229035     
   146.00000000000000        4678.6467304795806        4678.2958722453013       0.35085823427925789     
   146.50000000000000        4676.5928269780889        4676.2435858230847       0.34924115500416519     
   147.00000000000000        4674.5509564205513        4674.2033262014211       0.34763021913022385     
   147.50000000000000        4672.5210386719054        4672.1750132466850       0.34602542522043223     
   148.00000000000000        4670.5029942354713        4670.1585674640964       0.34442677137485589     
   148.50000000000000        4668.4967442467305        4668.1539099914926       0.34283425523790356     
   149.00000000000000        4666.5022104671807        4666.1609625931678       0.34124787401287904     
   149.50000000000000        4664.5193152782576        4664.1796476537929       0.33966762446470966     
   150.00000000000000        4662.5479816753332        4662.2098881724005       0.33809350293267926     
   150.50000000000000        4660.5881332617846        4660.2516077564396       0.33652550534498005     
   151.00000000000000        4658.6396942431284        4658.3047306159051       0.33496362722326012     
   151.50000000000000        4656.7025894212220        4656.3691815575303       0.33340786369171838     
   152.00000000000000        4654.7767441885380        4654.4448859790482       0.33185820948983746     
   152.50000000000000        4652.8620845225005        4652.5317698635226       0.33031465897784074     
   153.00000000000000        4650.9585369798851        4650.6297597737394       0.32877720614578720     
   153.50000000000000        4649.0660286912935        4648.7387828466672       0.32724584462630446     
   154.00000000000000        4647.1844873556747        4646.8587667879774       0.32572056769731716     
   154.50000000000000        4645.3138412349272        4644.9896398666333       0.32420136829387047     
   155.00000000000000        4643.4540191485503        4643.1313309095340       0.32268823901631549     
   155.50000000000000        4641.6049504683615        4641.2837692962257       0.32118117213576625     
   156.00000000000000        4639.7665651132747        4639.4468849536697       0.31968015960501361     
   156.50000000000000        4637.9387935441373        4637.6206083510733       0.31818519306398230     
   157.00000000000000        4636.1215667586221        4635.8048704947751       0.31669626384700678     
   157.50000000000000        4634.3148162861880        4633.9996029231925       0.31521336299556424     
   158.00000000000000        4632.5184741830808        4632.2047377018253       0.31373648125554610     
   158.50000000000000        4630.7324730274077        4630.4202074183140       0.31226560909362888     
   159.00000000000000        4628.9567459142563        4628.6459451775572       0.31080073669909325     
   159.50000000000000        4627.1912264508737        4626.8818845968817       0.30934185399200942     
   160.00000000000000        4625.4358487518975        4625.1279598012652       0.30788895063233213     
   160.50000000000000        4623.6905474346395        4623.3841054186196       0.30644201601990062     
   161.00000000000000        4621.9552576144279        4621.6502565751171       0.30500103931080957     
   161.50000000000000        4620.2299148999909        4619.9263488905790       0.30356600941195211     
   162.00000000000000        4618.5144553889040        4618.2123184739066       0.30213691499739070     
   162.50000000000000        4616.8088156630802        4616.5081019185700       0.30071374451017618     
   163.00000000000000        4615.1129327843109        4614.8136362981431       0.29929648616780469     
   163.50000000000000        4613.4267442898581        4613.1288591618904       0.29788512796767463     
   164.00000000000000        4611.7501881880962        4611.4537085304019       0.29647965769436269     
   164.50000000000000        4610.0832029542016        4609.7881228912738       0.29508006292780919     
   165.00000000000000        4608.4257275258815        4608.1320411948418       0.29368633103968023     
   165.50000000000000        4606.7777012991683        4606.4854028499576       0.29229844921064796     
   166.00000000000000        4605.1390641242397        4604.8481477198129       0.29091640442675271     
   166.50000000000000        4603.5097563012987        4603.2202161178084       0.28954018349031685     
   167.00000000000000        4601.8897185764890        4601.6015488034718       0.28816977301721636     
   167.50000000000000        4600.2788921378669        4599.9920869784137       0.28680515945325169     
   168.00000000000000        4598.6772186114040        4598.3917722823344       0.28544632906960032     
   168.50000000000000        4597.0846400570399        4596.8005467890689       0.28409326797100221     
   169.00000000000000        4595.5010989647808        4595.2183530026796       0.28274596210121672     
   169.50000000000000        4593.9265382508338        4593.6451338535871       0.28140439724666066     
   170.00000000000000        4592.3609012537845        4592.0808326947454       0.28006855903913674     
   170.50000000000000        4590.8041317308225        4590.5253932978576       0.27873843296492851     
   171.00000000000000        4589.2561738539980        4588.9787598496314       0.27741400436661934     
   171.50000000000000        4587.7169722065237        4587.4408769480797       0.27609525844400196     
   172.00000000000000        4586.1864717791159        4585.9116895988527       0.27478218026317336     
   172.50000000000000        4584.6646179663767        4584.3911432116174       0.27347475475926331     
   173.00000000000000        4583.1513565632113        4582.8791835964712       0.27217296674007230     
   173.50000000000000        4581.6466337612828        4581.3757569603940       0.27087680088880006     
   174.00000000000000        4580.1503961455128        4579.8808099037415       0.26958624177132151     
   174.50000000000000        4578.6625906906047        4578.3942894167712       0.26830127383345825     
   175.00000000000000        4577.1831647576237        4576.9161428762100       0.26702188141371153     
   175.50000000000000        4575.7120660905921        4575.4463180418525       0.26574804873962421     
   176.00000000000000        4574.2492428131363        4573.9847630532013       0.26447975993505679     
   176.50000000000000        4572.7946434251608        4572.5314264261397       0.26321699902109685     
   177.00000000000000        4571.3482167995608        4571.0862570496392       0.26195974992151605     
   177.50000000000000        4569.9099121789695        4569.6492041825022       0.26070799646731757     
   178.00000000000000        4568.4796791725348        4568.2202174501408       0.25946172239400767     
   178.50000000000000        4567.0574677527393        4566.7992468413850       0.25822091135432856     
   179.00000000000000        4565.6432282522410        4565.3862427053291       0.25698554691189202     
   179.50000000000000        4564.2369113607583        4563.9811557482080       0.25575561255027424     
   180.00000000000000        4562.8384681219814        4562.5839370303065       0.25453109167483490     
   180.50000000000000        4561.4478499305169        4561.1945379629033       0.25331196761362662     
   181.00000000000000        4560.0650085288662        4559.8129103052424       0.25209822362376144     
   181.50000000000000        4558.6898960044300        4558.4390061615395       0.25088984289050131     
   182.00000000000000        4557.3224647865509        4557.0727779780173       0.24968680853362457     
   182.50000000000000        4555.9626676435810        4555.7141785399735       0.24848910360742593     
   183.00000000000000        4554.6104576799826        4554.3631609688773       0.24729671110526397     
   183.50000000000000        4553.2657883334559        4553.0196787194955       0.24610961396047060     
   184.00000000000000        4551.9286133721007        4551.6836855770498       0.24492779505089857     
   184.50000000000000        4550.5988868916020        4550.3551356544031       0.24375123719892144     
   185.00000000000000        4549.2765633124500        4549.0339833892713       0.24257992317870958     
   185.50000000000000        4547.9615973771815        4547.7201835414699       0.24141383571168262     
   186.00000000000000        4546.6539441476571        4546.4136911901824       0.24025295747469499     
   186.50000000000000        4545.3535590023603        4545.1144617312602       0.23909727110003587     
   187.00000000000000        4544.0603976337270        4543.8224508745488       0.23794675917815766     
   187.50000000000000        4542.7744160454977        4542.5376146412400       0.23680140425767604     
   188.00000000000000        4541.4955705501088        4541.2599093612553       0.23566118885355536     
   188.50000000000000        4540.2238177660920        4539.9892916706485       0.23452609544347069     
   189.00000000000000        4538.9591146155126        4538.7257185090430       0.23339610646962683     
   189.50000000000000        4537.7014183214342        4537.4691471170872       0.23227120434694370     
   190.00000000000000        4536.4506864053983        4536.2195350339398       0.23115137145850895     
   190.50000000000000        4535.2068766849425        4534.9768400947805       0.23003659016194433     
   191.00000000000000        4533.9699472711318        4533.7410204283442       0.22892684278758679     
   191.50000000000000        4532.7398565661233        4532.5120344544794       0.22782211164394539     
   192.00000000000000        4531.5165632607504        4531.2898408817327       0.22672237901770131     
   192.50000000000000        4530.3000263321319        4530.0743987049555       0.22562762717643636     
   193.00000000000000        4529.0902050413051        4528.8656672029365       0.22453783836863295     
   193.50000000000000        4527.8870589308854        4527.6636059360580       0.22345299482731207     
   194.00000000000000        4526.6905478227427        4526.4681747439708       0.22237307877185231     
   194.50000000000000        4525.5006318157057        4525.2793337432986       0.22129807240708033     
   195.00000000000000        4524.3172712832902        4524.0970433253597       0.22022795793054684     
   195.50000000000000        4523.1404268714414        4522.9212641539170       0.21916271752434113     
   196.00000000000000        4521.9700594963115        4521.7519571629418       0.21810233336964302     
   196.50000000000000        4520.8061303420445        4520.5890835544096       0.21704678763489937     
   197.00000000000000        4519.6486008585962        4519.4326047961076       0.21599606248855707     
   197.50000000000000        4518.4974327595646        4518.2824826194719       0.21495014009269653     
   198.00000000000000        4517.3525880200496        4517.1386790174411       0.21390900260848866     
   198.50000000000000        4516.2140288745286        4516.0011562423315       0.21287263219710439     
   199.00000000000000        4515.0817178147563        4514.8698768037348       0.21184101102153363     
   199.50000000000000        4513.9556175876787        4513.7448034664349       0.21081412124385679     
   200.00000000000000        4512.8356911933761        4512.6258992483445       0.20979194503161125     
   200.50000000000000        4511.7219018830228        4511.5131274184632       0.20877446455961035     
   201.00000000000000        4510.6142131568595        4510.4064514948541       0.20776166200539592     
   201.50000000000000        4509.5125887621944        4509.3058352426397       0.20675351955469523     
   202.00000000000000        4508.4169926914228        4508.2112426720196       0.20575001940324000     
   202.50000000000000        4507.3273891800582        4507.1226380363032       0.20475114375494741     
   203.00000000000000        4506.2437427047907        4506.0399858299661       0.20375687482464855     
   203.50000000000000        4505.1660179815608        4504.9632507867200       0.20276719484081696     
   204.00000000000000        4504.0941799636512        4503.8923978776056       0.20178208604556858     
   204.50000000000000        4503.0281938397929        4502.8273923091001       0.20080153069284279     
   205.00000000000000        4501.9680250323026        4501.7681995212479       0.19982551105476887     
   205.50000000000000        4500.9136391952179        4500.7147851858017       0.19885400941620901     
   206.00000000000000        4499.8650022124721        4499.6671152043882       0.19788700808385329     
   206.50000000000000        4498.8220801960670        4498.6251557066871       0.19692448937985318     
   207.00000000000000        4497.7848394842740        4497.5888730486286       0.19596643564545957     
   207.50000000000000        4496.7532466398534        4496.5582338106069       0.19501282924647967     
   208.00000000000000        4495.7272684482805        4495.5332047957154       0.19406365256509162     
   208.50000000000000        4494.7068719159997        4494.5137530279917       0.19311888800802990     
   209.00000000000000        4493.6920242686865        4493.4998457506817       0.19217851800476637     
   209.50000000000000        4492.6826929495310        4492.4914504245226       0.19124252500841976     
   210.00000000000000        4491.6788456175373        4491.4885347260388       0.19031089149848412     
   210.50000000000000        4490.6804501458319        4490.4910665458556       0.18938359997628140     
   211.00000000000000        4489.6874746200019        4489.4990139870270       0.18846063297496585     
   211.50000000000000        4488.6998873364328        4488.5123453633814       0.18754197305133857     
   212.00000000000000        4487.7176568006707        4487.5310291978803       0.18662760279039503     
   212.50000000000000        4486.7407517258016        4486.5550342209954       0.18571750480623450     
   213.00000000000000        4485.7691410308380        4485.5843293690950       0.18481166174296959     
   213.50000000000000        4484.8027938391278        4484.6188837828531       0.18391005627472623     
   214.00000000000000        4483.8416794767736        4483.6586668056671       0.18301267110655317     
   214.50000000000000        4482.8857674710671        4482.7036479820927       0.18211948897442198     
   215.00000000000000        4481.9350275489423        4481.7537970562944       0.18123049264795554     
   215.50000000000000        4480.9894296354332        4480.8090839705064       0.18034566492679005     
   216.00000000000000        4480.0489438521590        4479.8694788635103       0.17946498864876048     
   216.50000000000000        4479.1135405158093        4478.9349520691294       0.17858844667989615     
   217.00000000000000        4478.1831901366568        4478.0054741147296       0.17771602192715363     
   217.50000000000000        4477.2578634170695        4477.0810157197420       0.17684769732750283     
   218.00000000000000        4476.3375312500511        4476.1615477941932       0.17598345585793140     
   218.50000000000000        4475.4221647177810        4475.2470414372519       0.17512328052907833     
   219.00000000000000        4474.5117350901764        4474.3374679357876       0.17426715438887186     
   219.50000000000000        4473.6062138234674        4473.4327987629431       0.17341506052434852     
   220.00000000000000        4472.7055725587797        4472.5330055767199       0.17256698205983412     
   220.50000000000000        4471.8097831207324        4471.6380602185745       0.17172290215785324     
   221.00000000000000        4470.9188175160516        4470.7479347120325       0.17088280401912925     
   221.50000000000000        4470.0326479321948        4469.8626012613076       0.17004667088713177     
   222.00000000000000        4469.1512467359807        4468.9820322499409       0.16921448603989120     
   222.50000000000000        4468.2745864722474        4468.1062002394456       0.16838623280182219     
   223.00000000000000        4467.4026398625028        4467.2350779679700       0.16756189453280967     
   223.50000000000000        4466.5353798036058        4466.3686383489676       0.16674145463821333     
   224.00000000000000        4465.6727793664450        4465.5068544698815       0.16592489656341058     
   224.50000000000000        4464.8148117946348        4464.6496995908419       0.16511220379288716     
   225.00000000000000        4463.9614505032305        4463.7971471433702       0.16430335986024147     
   225.50000000000000        4463.1126690774354        4462.9491707291008       0.16349834833454224     
   226.00000000000000        4462.2684412713452        4462.1057441185094       0.16269715283578989     
   226.50000000000000        4461.4287410066763        4461.2668412496569       0.16189975701945514     
   227.00000000000000        4460.5935423715300        4460.4324362269408       0.16110614458921191     
   227.50000000000000        4459.7628196191536        4459.6025033198584       0.16031629929511837     
   228.00000000000000        4458.9365471667106        4458.7770169617834       0.15953020492725045     
   228.50000000000000        4458.1146995940717        4457.9559517487496       0.15874784532206831     
   229.00000000000000        4457.2972516426116        4457.1392824382492       0.15796920436241635     
   229.50000000000000        4456.4841782140138        4456.3269839480381       0.15719426597570418     
   230.00000000000000        4455.6754543690886        4455.5190313549538       0.15642301413481619     
   230.50000000000000        4454.8710553266019        4454.7153998937429       0.15565543285902095     
   231.00000000000000        4454.0709564621156        4453.9160649559008       0.15489150621488079     
   231.50000000000000        4453.2751333068318        4453.1210020885183       0.15413121831352328     
   232.00000000000000        4452.4835615464535        4452.3301869931393       0.15337455331427918     
   232.50000000000000        4451.6962170200532        4451.5435955246312       0.15262149542195402     
   233.00000000000000        4450.9130757189523        4450.7612036900618       0.15187202889046603     
   233.50000000000000        4450.1341137856070        4449.9829876475860       0.15112613802102715     
   234.00000000000000        4449.3593075125073        4449.2089237053460       0.15038380716123356     
   234.50000000000000        4448.5886333410836        4448.4389883203758       0.14964502070779417     
   235.00000000000000        4447.8220678606231        4447.6731580975193       0.14890976310380211     
   235.50000000000000        4447.0595878071990        4446.9114097883557       0.14817801884328219     
   236.00000000000000        4446.3011700626012        4446.1537202901345       0.14744977246664348     
   236.50000000000000        4445.5467916532843        4445.4000666447200       0.14672500856431725     
   237.00000000000000        4444.7964297493181        4444.6504260375441       0.14600371177402849     
   237.50000000000000        4444.0500616633544        4443.9047757965700       0.14528586678443389     
   238.00000000000000        4443.3076648495944        4443.1630933912620       0.14457145833239338     
   238.50000000000000        4442.5692169027689        4442.4253564315677       0.14386047120115109     
   239.00000000000000        4441.8346955571324        4441.6915426669038       0.14315289022852085     
   239.50000000000000        4441.1040786854555        4440.9616299851559       0.14244870029961021     
   240.00000000000000        4440.3773442980319        4440.2355964116832       0.14174788634863944     
   240.50000000000000        4439.6544705416927        4439.5134201083338       0.14105043335894152     
   241.00000000000000        4438.9354356988342        4438.7950793724667       0.14035632636750961     
   241.50000000000000        4438.2202181864404        4438.0805526359836       0.13966555045681162     
   242.00000000000000        4437.5087965551302        4437.3698184643681       0.13897809076206613     
   242.50000000000000        4436.8011494881994        4436.6628555557327       0.13829393246669497     
   243.00000000000000        4436.0972558006833        4435.9596427398747       0.13761306080868962     
   243.50000000000000        4435.3970944384091        4435.2601589773385       0.13693546107060683     
   244.00000000000000        4434.7006444770795        4434.5643833584891       0.13626111859048251     
   244.50000000000000        4434.0078851213420        4433.8722951025884       0.13559001875364629     
   245.00000000000000        4433.3187957038817        4433.1838735568836       0.13492214699817850     
   245.50000000000000        4432.6333556845157        4432.4990981957026       0.13425748881309119     
   246.00000000000000        4431.9515446492887        4431.8179486195540       0.13359602973469009     
   246.50000000000000        4431.2733423095933        4431.1404045542386       0.13293775535476016     
   247.00000000000000        4430.5987285012761        4430.4664458499647       0.13228265131147054     
   247.50000000000000        4429.9276831837706        4429.7960524804730       0.13163070329756010     
   248.00000000000000        4429.2601864392236        4429.1292045421687       0.13098189705488039     
   248.50000000000000        4428.5962184716373        4428.4658822532592       0.13033621837803366     
   249.00000000000000        4427.9357596060117        4427.8060659529019       0.12969365310982539     
   249.50000000000000        4427.2787902875016        4427.1497361003558       0.12905418714581174     
   250.00000000000000        4426.6252910805742        4426.4968732741418       0.12841780643248057     
   250.50000000000000        4425.9752426681762        4425.8474581712089       0.12778449696725147     
   251.00000000000000        4425.3286258509097        4425.2014716061103       0.12715424479938520     
   251.50000000000000        4424.6854215462081        4424.5588945101808       0.12652703602725524     
   252.00000000000000        4424.0456107875316        4423.9197079307278       0.12590285680380475     
   252.50000000000000        4423.4091747235507        4423.2838930302223       0.12528169332836114     
   253.00000000000000        4422.7760946173557        4422.6514310855000       0.12466353185573098     
   253.50000000000000        4422.1463518456603        4422.0223034869705       0.12404835868983355     
   254.00000000000000        4421.5199278980144        4421.3964917378280       0.12343616018642933     
   254.50000000000000        4420.8968043760251        4420.7739774532747       0.12282692275039153     
   255.00000000000000        4420.2769629925833        4420.1547423597431       0.12222063284025353     
   255.50000000000000        4419.6603855710973        4419.5387682941328       0.12161727696457092     
   256.00000000000000        4419.0470540447286        4418.9260372030467       0.12101684168192151     
   256.50000000000000        4418.4369504556407        4418.3165311420371       0.12041931360363378     
   257.00000000000000        4417.8300569542471        4417.7102322748560       0.11982467939105845     
   257.50000000000000        4417.2263557984706        4417.1071228727142       0.11923292575647793     
   258.00000000000000        4416.6258293530054        4416.5071853135423       0.11864403946310631     
   258.50000000000000        4416.0284600885871        4415.9104020812620       0.11805800732508942     
   259.00000000000000        4415.4342305812670        4415.3167557650586       0.11747481620841427     
   259.50000000000000        4414.8431235116932        4414.7262290586650       0.11689445302818058     
   260.00000000000000        4414.2551216643969        4414.1388047596465       0.11631690475041978     
   260.50000000000000        4413.6702079270854        4413.5544657686924       0.11574215839300450     
   261.00000000000000        4413.0883652899392        4412.9731950889154       0.11517020102382958     
   261.50000000000000        4412.5095768449164        4412.3949758251565       0.11460101975990256     
   262.00000000000000        4411.9338257850623        4411.8197911832904       0.11403460177189118     
   262.50000000000000        4411.3610954038222        4411.2476244695436       0.11347093427866639     
   263.00000000000000        4410.7913690943615        4410.6784590898123       0.11291000454912137     
   263.50000000000000        4410.2246303488964        4410.1122785489906       0.11235179990580946     
   264.00000000000000        4409.6608627580144        4409.5490664502986       0.11179630771584925     
   264.50000000000000        4409.1000500100226        4408.9888064946208       0.11124351540183852     
   265.00000000000000        4408.5421758902785        4408.4314824798457       0.11069341043275926     
   265.50000000000000        4407.9872242805450        4407.8770783002137       0.11014598033125367     
   266.00000000000000        4407.4351791583349        4407.3255779456686       0.10960121266634815     
   266.50000000000000        4406.8860245962733        4406.7769655012144       0.10905909505891032     
   267.00000000000000        4406.3397447614570        4406.2312251462772       0.10851961517983000     
   267.50000000000000        4405.7963239148212        4405.6883411540721       0.10798276074910973     
   268.00000000000000        4405.2557464105112        4405.1482978909762       0.10744851953495527     
   268.50000000000000        4404.7179966952617        4404.6110798159043       0.10691687935741356     
   269.00000000000000        4404.1830593077766        4404.0766714796910       0.10638782808564429     
   269.50000000000000        4403.6509188781129        4403.5450575244759       0.10586135363701032     
   270.00000000000000        4403.1215601270778        4403.0162226830989       0.10533744397889677     
   270.50000000000000        4402.5949678656189        4402.4901517784920       0.10481608712689194     
   271.00000000000000        4402.0711269942294        4401.9668297230819       0.10429727114751586     
   271.50000000000000        4401.5500225023516        4401.4462415181961       0.10378098415549175     
   272.00000000000000        4401.0316394677839        4400.9283722534710       0.10326721431283659     
   272.50000000000000        4400.5159630561011        4400.4132071062695       0.10275594983158953     
   273.00000000000000        4400.0029785200704        4399.9007313410966       0.10224717897381197     
   273.50000000000000        4399.4926711990747        4399.3909303090259       0.10174089004885900     
   274.00000000000000        4398.9850265185396        4398.8837894471262       0.10123707141337945     
   274.50000000000000        4398.4800299893686        4398.3792942778946       0.10073571147404436     
   275.00000000000000        4397.9776672073776        4397.8774304086928       0.10023679868481850     
   275.50000000000000        4397.4779238527390        4397.3781835311893        9.9740321549688815E-002
   276.00000000000000        4396.9807856894222        4396.8815394208041        9.9246268618117028E-002
   276.50000000000000        4396.4862385646466        4396.3874839361579        9.8754628488677554E-002
   277.00000000000000        4395.9942684083344        4395.8960030185272        9.8265389807238535E-002
   277.50000000000000        4395.5048612325700        4395.4070826913021        9.7778541267871333E-002
   278.00000000000000        4395.0180031310601        4394.9207090594473        9.7294071612850530E-002
   278.50000000000000        4394.5336802786014        4394.4368683089706        9.6811969630834938E-002
   279.00000000000000        4394.0518789305488        4393.9555467063919        9.6332224156867596E-002
   279.50000000000000        4393.5725854222928        4393.4767305982168        9.5854824076013756E-002
   280.00000000000000        4393.0957861687357        4393.0004064104169        9.5379758318813401E-002
   280.50000000000000        4392.6214676637728        4392.5265606479115        9.4907015861281252E-002
   281.00000000000000        4392.1496164797827        4392.0551798940523        9.4436585730363731E-002
   281.50000000000000        4391.6802192671112        4391.5862508101172        9.3968456993934524E-002
   282.00000000000000        4391.2132627535721        4391.1197601347994        9.3502618772618007E-002
   282.50000000000000        4390.7487337439388        4390.6556946837100        9.3039060228875314E-002
   283.00000000000000        4390.2866191194498        4390.1940413488755        9.2577770574280294E-002
   283.50000000000000        4389.8269058373126        4389.7347870982467        9.2118739065881527E-002
   284.00000000000000        4389.3695809302108        4389.2779189752055        9.1661955005292839E-002
   284.50000000000000        4388.9146315058197        4388.8234240980782        9.1207407741421775E-002
   285.00000000000000        4388.4620447463212        4388.3712896596517        9.0755086669560114E-002
   285.50000000000000        4388.0118079079230        4387.9215029266934        9.0304981229564874E-002
   286.00000000000000        4387.5639083203841        4387.4740512394765        8.9857080907677300E-002
   286.50000000000000        4387.1183333865401        4387.0289220113045        8.9411375235613377E-002
   287.00000000000000        4386.6750705818331        4386.5861027280434        8.8967853789654328E-002
   287.50000000000000        4386.2341074538463        4386.1455809476556        8.8526506190646614E-002
   288.00000000000000        4385.7954316218447        4385.7073442997371        8.8087322107639920E-002
   288.50000000000000        4385.3590307763097        4385.2713804850600        8.7650291249701695E-002
   289.00000000000000        4384.9248926784903        4384.8376772751144        8.7215403375921596E-002
   289.50000000000000        4384.4930051599440        4384.4062225116577        8.6782648286316544E-002
   290.00000000000000        4384.0633561220930        4383.9770041062675        8.6352015825468698E-002
   290.50000000000000        4383.6359335357774        4383.5500100398922        8.5923495885253942E-002
   291.00000000000000        4383.2107254408111        4383.1252283624117        8.5497078399384918E-002
   291.50000000000000        4382.7877199455434        4382.7026471921972        8.5072753346139507E-002
   292.00000000000000        4382.3669052264231        4382.2822547156757        8.4650510747451335E-002
   292.50000000000000        4381.9482695275683        4381.8640391868985        8.4230340669819270E-002
   293.00000000000000        4381.5318011603313        4381.4479889271088        8.3812233222488430E-002
   293.50000000000000        4381.1174885028795        4381.0340923243193        8.3396178560178669E-002
   294.00000000000000        4380.7053199997636        4380.6223378328859        8.2982166877627606E-002
   294.50000000000000        4380.2952841615052        4380.2127139730892        8.2570188415957091E-002
   295.00000000000000        4379.8873695641751        4379.8052093307178        8.2160233457216236E-002
   295.50000000000000        4379.4815648489821        4379.3998125566532        8.1752292328928888E-002
   296.00000000000000        4379.0778587218574        4378.9965123664597        8.1346355397727166E-002
   296.50000000000000        4378.6762399530526        4378.5952975399750        8.0942413077536912E-002
   297.00000000000000        4378.2766973767293        4378.1961569209088        8.0540455820482748E-002
   297.50000000000000        4377.8792198905603        4377.7990794164361        8.0140474124164029E-002
   298.00000000000000        4377.4837964553290        4377.4040539968018        7.9742458527107374E-002
   298.50000000000000        4377.0904160945320        4377.0110696949223        7.9346399609676155E-002
   299.00000000000000        4376.6990678939883        4376.6201156059924        7.8952287995889492E-002
   299.50000000000000        4376.3097410014443        4376.2311808870963        7.8560114347965282E-002
   300.00000000000000        4375.9224246261920        4375.8442547568175        7.8169869374505652E-002
   300.50000000000000        4375.5371080386776        4375.4593264948553        7.7781543822311505E-002
   301.00000000000000        4375.1537805701228        4375.0763854416427        7.7395128480020503E-002
   301.50000000000000        4374.7724316121457        4374.6954209979658        7.7010614179926051E-002
   302.00000000000000        4374.3930506163824        4374.3164226245890        7.6627991793429828E-002
   302.50000000000000        4374.0156270941106        4373.9393798418796        7.6247252231041784E-002
   303.00000000000000        4373.6401506158845        4373.5642822294358        7.5868386448746605E-002
   303.50000000000000        4373.2666108111580        4373.1911194257191        7.5491385438908765E-002
   304.00000000000000        4372.8949973679246        4372.8198811276889        7.5116240235729492E-002
   304.50000000000000        4372.5253000323537        4372.4505570904375        7.4742941916156269E-002
   305.00000000000000        4372.1575086084231        4372.0831371268296        7.4371481593516364E-002
   305.50000000000000        4371.7916129575697        4371.7176111071449        7.4001850424792792E-002
   306.00000000000000        4371.4276029983257        4371.3539689587215        7.3634039604257850E-002
   306.50000000000000        4371.0654687059696        4370.9922006656025        7.3268040367111098E-002
   307.00000000000000        4370.7052001121747        4370.6322962681861        7.2903843988569861E-002
   307.50000000000000        4370.3467873046584        4370.2742458628763        7.2541441782050242E-002
   308.00000000000000        4369.9902204268401        4369.9180396017382        7.2180825101895607E-002
   308.50000000000000        4369.6354896774938        4369.5636676921531        7.1821985340648098E-002
   309.00000000000000        4369.2825853104114        4369.2111203964796        7.1464913931777119E-002
   309.50000000000000        4368.9314976340575        4368.8603880317132        7.1109602344222367E-002
   310.00000000000000        4368.5822170112406        4368.5114609691518        7.0756042088760296E-002
   310.50000000000000        4368.2347338587733        4368.1643296340599        7.0404224713456642E-002
   311.00000000000000        4367.8890386471430        4367.8189845053384        7.0054141804575920E-002
   311.50000000000000        4367.5451219001843        4367.4754161151959        6.9705784988400410E-002
   312.00000000000000        4367.2029741947508        4367.1336150488214        6.9359145929411170E-002
   312.50000000000000        4366.8625861603850        4366.7935719440584        6.9014216326650057E-002
   313.00000000000000        4366.5239484790063        4366.4552774910853        6.8670987920995685E-002
   313.50000000000000        4366.1870518845808        4366.1187224320929        6.8329452487887465E-002
   314.00000000000000        4365.8518871628121        4365.7838975609675        6.7989601844601566E-002
   314.50000000000000        4365.5184451508194        4365.4507937229755        6.7651427843884449E-002
   315.00000000000000        4365.1867167368227        4365.1194018144497        6.7314922373043373E-002
   315.50000000000000        4364.8566928598384        4364.7897127824781        6.6980077360312862E-002
   316.00000000000000        4364.5283645093650        4364.4617176245956        6.6646884769397730E-002
   316.50000000000000        4364.2017227250781        4364.1354073884750        6.6315336603111064E-002
   317.00000000000000        4363.8767585965215        4363.8107731716254        6.5985424896098266E-002
   317.50000000000000        4363.5534632628114        4363.4878061210857        6.5657141725750989E-002
   318.00000000000000        4363.2318279123283        4363.1664974331279        6.5330479200383706E-002
   318.50000000000000        4362.9118437824218        4362.8468383529544        6.5005429467419162E-002
   319.00000000000000        4362.5935021591176        4362.5288201744052        6.4681984712478879E-002
   319.50000000000000        4362.2767943768140        4362.2124342396610        6.4360137153016694E-002
   320.00000000000000        4361.9617118179976        4361.8976719389520        6.4039879045594716E-002
   320.50000000000000        4361.6482459129475        4361.5845247102670        6.3721202680426359E-002
   321.00000000000000        4361.3363881394507        4361.2729840390657        6.3404100385014317E-002
   321.50000000000000        4361.0261300225129        4360.9630414579906        6.3088564522331581E-002
   322.00000000000000        4360.7174631340722        4360.6546885465841        6.2774587488092948E-002
   322.50000000000000        4360.4103790927220        4360.3479169310058        6.2462161716211995E-002
   323.00000000000000        4360.1048695634254        4360.0427182837502        6.2151279675163096E-002
   323.50000000000000        4359.8009262572368        4359.7390843233698        6.1841933867071930E-002
   324.00000000000000        4359.4985409310275        4359.4370068141970        6.1534116830443963E-002
   324.50000000000000        4359.1977053872088        4359.1364775660704        6.1227821138345462E-002
   325.00000000000000        4358.8984114734576        4358.8374884340619        6.0923039395675005E-002
   325.50000000000000        4358.6006510824482        4358.5400313182035        6.0619764244620455E-002
   326.00000000000000        4358.3044161515800        4358.2440981632190        6.0317988361020980E-002
   326.50000000000000        4358.0096986627113        4357.9496809582570        6.0017704454367049E-002
   327.00000000000000        4357.7164906418930        4357.6567717366252        5.9718905267800437E-002
   327.50000000000000        4357.4247841591032        4357.3653625755242        5.9421583579023718E-002
   328.00000000000000        4357.1345713279879        4357.0754455957886        5.9125732199390768E-002
   328.50000000000000        4356.8458443055970        4356.7870129616249        5.8831343972087780E-002
   329.00000000000000        4356.5585952921283        4356.5000568803516        5.8538411776680732E-002
   329.50000000000000        4356.2728165306689        4356.2145696021453        5.8246928523658426E-002
   330.00000000000000        4355.9885003069403        4355.9305434197822        5.7956887158070458E-002
   330.50000000000000        4355.7056389490435        4355.6479706683876        5.7668280655889248E-002
   331.00000000000000        4355.4242248272112        4355.3668437251818        5.7381102029467002E-002
   331.50000000000000        4355.1442503535518        4355.0871550092315        5.7095344320259755E-002
   332.00000000000000        4354.8657079818040        4354.8088969812006        5.6811000603374850E-002
   332.50000000000000        4354.5885902070904        4354.5320621431028        5.6528063987570931E-002
   333.00000000000000        4354.3128895656728        4354.2566430380584        5.6246527614348452E-002
   333.50000000000000        4354.0385986347046        4353.9826322500494        5.5966384655221191E-002
   334.00000000000000        4353.7657100319921        4353.7100224036776        5.5687628314444737E-002
   334.50000000000000        4353.4942164157537        4353.4388061639247        5.5410251829016488E-002
   335.00000000000000        4353.2241104843806        4353.1689762359147        5.5134248465947167E-002
   335.50000000000000        4352.9553849762005        4352.9005253646746        5.4859611525898799E-002
   336.00000000000000        4352.6880326692408        4352.6334463348994        5.4586334341365728E-002
   336.50000000000000        4352.4220463809943        4352.3677319707203        5.4314410273946123E-002
   337.00000000000000        4352.1574189681887        4352.1033751354707        5.4043832717979967E-002
   337.50000000000000        4351.8941433265527        4351.8403687314540        5.3774595098730060E-002
   338.00000000000000        4351.6322123905884        4351.5787056997169        5.3506690871472529E-002
   338.50000000000000        4351.3716191333442        4351.3183790198191        5.3240113525134802E-002
   339.00000000000000        4351.1123565661846        4351.0593817096096        5.2974856575019658E-002
   339.50000000000000        4350.8544177385720        4350.8017068250001        5.2710913571900164E-002
   340.00000000000000        4350.5977957378336        4350.5453474597425        5.2448278091105749E-002
   340.50000000000000        4350.3424836889499        4350.2902967452046        5.2186943745255121E-002
   341.00000000000000        4350.0884747543250        4350.0365478501535        5.1926904171523347E-002
   341.50000000000000        4349.8357621335745        4349.7840939805346        5.1668153039827303E-002
   342.00000000000000        4349.5843390633017        4349.5329283792526        5.1410684049187694E-002
   342.50000000000000        4349.3341988168877        4349.2830443259581        5.1154490929548047E-002
   343.00000000000000        4349.0853347042712        4349.0344351368321        5.0899567439046223E-002
   343.50000000000000        4348.8377400717372        4348.7870941643723        5.0645907364923914E-002
   344.00000000000000        4348.5914083017051        4348.5410147971797        5.0393504525345634E-002
   344.50000000000000        4348.3463328125199        4348.2961904597505        5.0142352769398713E-002
   345.00000000000000        4348.1025070582364        4348.0526146122656        4.9892445970726840E-002
   345.50000000000000        4347.8599245284204        4347.8102807503838        4.9643778036625008E-002
   346.00000000000000        4347.6185787479344        4347.5691824050336        4.9396342900763557E-002
   346.50000000000000        4347.3784632767356        4347.3293131422106        4.9150134525007161E-002
   347.00000000000000        4347.1395717096730        4347.0906665627708        4.8905146902143315E-002
   347.50000000000000        4346.9018976762818        4346.8532363022296        4.8661374052244355E-002
   348.00000000000000        4346.6654348405855        4346.6170160305619        4.8418810023576953E-002
   348.50000000000000        4346.4301769008935        4346.3819994519999        4.8177448893511610E-002
   349.00000000000000        4346.1961175896022        4346.1481803048364        4.7937284765794175E-002
   349.50000000000000        4345.9632506730004        4345.9155523612253        4.7698311775093316E-002
   350.00000000000000        4345.7315699510700        4345.6841094269876        4.7460524082453048E-002
   350.50000000000000        4345.5010692572914        4345.4538453414161        4.7223915875292732E-002
   351.00000000000000        4345.2717424584534        4345.2247539770815        4.6988481371954549E-002
   351.50000000000000        4345.0435834544560        4344.9968292396406        4.6754214815337036E-002
   352.00000000000000        4344.8165861781226        4344.7700650676452        4.6521110477442562E-002
   352.50000000000000        4344.5907445950097        4344.5444554323522        4.6289162657558336E-002
   353.00000000000000        4344.3660527032152        4344.3199943375339        4.6058365681346913E-002
   353.50000000000000        4344.1425045331953        4344.0966758192935        4.5828713901755691E-002
   354.00000000000000        4343.9200941475747        4343.8744939458757        4.5600201699016907E-002
   354.50000000000000        4343.6988156409643        4343.6534428174837        4.5372823480647639E-002
   355.00000000000000        4343.4786631397737        4343.4335165660941        4.5146573679630819E-002
   355.50000000000000        4343.2596308020329        4343.2147093552767        4.4921446756234218E-002
   356.00000000000000        4343.0417128172057        4342.9970153800086        4.4697437197100953E-002
   356.50000000000000        4342.8249034060154        4342.7804288664993        4.4474539516158984E-002
   357.00000000000000        4342.6091968202591        4342.5649440720063        4.4252748252802121E-002
   357.50000000000000        4342.3945873426337        4342.3505552846618        4.4032057971890026E-002
   358.00000000000000        4342.1810692865574        4342.1372568232919        4.3812463265567203E-002
   358.50000000000000        4341.9686369959936        4341.9250430372431        4.3593958750534512E-002
   359.00000000000000        4341.7572848452774        4341.7139083062075        4.3376539069868159E-002
   359.50000000000000        4341.5470072389408        4341.5038470400477        4.3160198893019697E-002
   360.00000000000000        4341.3377986115402        4341.2948536786253        4.2944932914906531E-002
   360.50000000000000        4341.1296534274843        4341.0869226916302        4.2730735854092927E-002
   361.00000000000000        4340.9225661808669        4340.8800485784095        4.2517602457337489E-002
   361.50000000000000        4340.7165313952928        4340.6742258677987        4.2305527494136186E-002
   362.00000000000000        4340.5115436237129        4340.4694491179525        4.2094505760360335E-002
   362.50000000000000        4340.3075974482545        4340.2657129161798        4.1884532074618619E-002
   363.00000000000000        4340.1046874800595        4340.0630118787749        4.1675601284623554E-002
   363.50000000000000        4339.9028083591138        4339.8613406508539        4.1467708259915526E-002
   364.00000000000000        4339.7019547540876        4339.6606939061921        4.1260847895500774E-002
   364.50000000000000        4339.5021213621685        4339.4610663470585        4.1055015110032400E-002
