   0.0000000000000000        4200.0000000000000        4200.0000000000000        0.0000000000000000     
  0.50000000000000000        4198.5243588389349        4198.5241508923746        2.0794656029465841E-004
   1.0000000000000000        4197.0274763771358        4197.0270505609287        4.2581620709825074E-004
   1.5000000000000000        4195.5090627119935        4195.5084087531923        6.5395880119467620E-004
   2.0000000000000000        4193.9688244552744        4193.9679317203772        8.9273489720653743E-004
   2.5000000000000000        4192.4064647054229        4192.4053221893973        1.1425160255384981E-003
   3.0000000000000000        4190.8216830201236        4190.8202793351238        1.4036849997864920E-003
   3.5000000000000000        4189.2141753891137        4189.2124987528996        1.6766362141424906E-003
   4.0000000000000000        4187.5836342072853        4187.5816724313254        1.9617759598986595E-003
   4.5000000000000000        4185.9297482480870        4185.9274887253478        2.2595227392230299E-003
   5.0000000000000000        4184.2522026372571        4184.2496323296637        2.5703075934870867E-003
   5.5000000000000000        4182.5506788269031        4182.5477842524633        2.8945744397788076E-003
   6.0000000000000000        4180.8248545699444        4180.8216217895397        3.2327804046872188E-003
   6.5000000000000000        4179.0744038949624        4179.0708184987834        3.5853961790053290E-003
   7.0000000000000000        4177.2989970814588        4177.2950441750891        3.9529063697045785E-003
   7.5000000000000000        4175.4983006355606        4175.4939648256941        4.3358098664612044E-003
   8.0000000000000000        4173.6719772661927        4173.6672426459827        4.7346202100015944E-003
   8.5000000000000000        4171.8196858617475        4171.8145359957743        5.1498659731805674E-003
   9.0000000000000000        4169.9410814672783        4169.9354993761272        5.5820911511546001E-003
   9.5000000000000000        4168.0358152622366        4168.0297834066841        6.0318555524645490E-003
   10.000000000000000        4166.1035345387927        4166.0970348035853        6.4997352073987713E-003
   10.500000000000000        4164.1438826807635        4164.1368963579862        6.9863227772657410E-003
   11.000000000000000        4162.1564991431769        4162.1490069151996        7.4922279773090850E-003
   11.500000000000000        4160.1410194325090        4160.1330013545012        8.0180780078080716E-003
   12.000000000000000        4158.0970750876095        4158.0885105696243        8.5645179851780995E-003
   12.500000000000000        4156.0242936613813        4156.0151614499828        9.1322113985370379E-003
   13.000000000000000        4153.9222987032035        4153.9125768626454        9.7218405580861145E-003
   13.500000000000000        4151.7907097421694        4151.7803756351077        1.0334107061680697E-002
   14.000000000000000        4149.6291422711565        4149.6181725388869        1.0969732269586530E-002
   14.500000000000000        4147.4372077317657        4147.4255782739801        1.1629457785602426E-002
   15.000000000000000        4145.2145135001665        4145.2021994542201        1.2314045946368424E-002
   15.500000000000000        4142.9606628738966        4142.9476385935695        1.3024280327044835E-002
   16.000000000000000        4140.6752550596339        4140.6614940933878        1.3760966246081807E-002
   16.500000000000000        4138.3578851619977        4138.3433602307141        1.4524931283631304E-002
   17.000000000000000        4136.0081441734173        4135.9928271476019        1.5317025815420493E-002
   17.500000000000000        4133.6256189650940        4133.6094808415510        1.6138123542987159E-002
   18.000000000000000        4131.2098922791201        4131.1929031570762        1.6989122043923999E-002
   18.500000000000000        4128.7605427217832        4128.7426717784565        1.7870943326670385E-002
   19.000000000000000        4126.2771447580999        4126.2583602237082        1.8784534391670604E-002
   19.500000000000000        4123.7592687076385        4123.7395378398260        1.9730867812540964E-002
   20.000000000000000        4121.2064807416527        4121.1857697993419        2.0710942310870450E-002
   20.500000000000000        4118.6183428815966        4118.5966170982401        2.1725783356487227E-002
   21.000000000000000        4115.9944129990490        4115.9716365552868        2.2776443762268173E-002
   21.500000000000000        4113.3342448171088        4113.3103808128135        2.3864004295319319E-002
   22.000000000000000        4110.6373879133089        4110.6123983390080        2.4989574300889217E-002
   22.500000000000000        4107.9033877240863        4107.8772334317637        2.6154292322644324E-002
   23.000000000000000        4105.1317855508878        4105.1044262241385        2.7359326749319735E-002
   23.500000000000000        4102.3221185679213        4102.2935126914708        2.8605876450455980E-002
   24.000000000000000        4099.4739198316520        4099.4440246602162        2.9895171435782686E-002
   24.500000000000000        4096.5867182920629        4096.5554898185474        3.1228473515511723E-002
   25.000000000000000        4093.6600388057518        4093.6274317287803        3.2607076971544302E-002
   25.500000000000000        4090.6934021509155        4090.6593698416791        3.4032309236408764E-002
   26.000000000000000        4087.6863250442771        4087.6508195126994        3.5505531577655347E-002
   26.500000000000000        4084.6383201600170        4084.6012920202234        3.7028139793619630E-002
   27.000000000000000        4081.5488961507654        4081.5102945858521        3.8601564913278708E-002
   27.500000000000000        4078.4175576707112        4078.3773303968060        4.0227273905202310E-002
   28.000000000000000        4075.2438054008967        4075.2018986305038        4.1906770392870385E-002
   28.500000000000000        4072.0271360767470        4071.9834944813729        4.3641595374083408E-002
   29.000000000000000        4068.7670425179081        4068.7216091899568        4.5433327951286628E-002
   29.500000000000000        4065.4630136604505        4065.4157300743850        4.7283586065532290E-002
   30.000000000000000        4062.1145345914974        4062.0653405642638        4.9194027233625093E-002
   30.500000000000000        4058.7210865863494        4058.6699202370569        5.1166349292543600E-002
   31.000000000000000        4055.2821471481693        4055.2289448570200        5.3202291149318626E-002
   31.500000000000000        4051.7971900502866        4051.7418864167535        5.5303633533185348E-002
   32.000000000000000        4048.2656853811932        4048.2082131814418        5.7472199751373410E-002
   32.500000000000000        4044.6870995922991        4044.6273897358474        5.9709856451718224E-002
   33.000000000000000        4041.0608955485068        4040.9988770341247        6.2018514382089052E-002
   33.500000000000000        4037.3865325816819        4037.3221324525252        6.4400129156638286E-002
   34.000000000000000        4033.6634665470847        4033.5966098450617        6.6856702022960235E-002
   34.500000000000000        4029.8911498828247        4029.8217596021996        6.9390280625157175E-002
   35.000000000000000        4026.0690316724240        4025.9970287126494        7.2002959774636111E-002
   35.500000000000000        4022.1965577105425        4022.1218608283261        7.4696882216358063E-002
   36.000000000000000        4018.2731705719420        4018.1956963325506        7.7474239391449373E-002
   36.500000000000000        4014.2983096837629        4014.2179724115604        8.0337272202541499E-002
   37.000000000000000        4010.2714114011769        4010.1881231294042        8.3288271772744338E-002
   37.500000000000000        4006.1919090864922        4006.1055795062884        8.6329580203710066E-002
   38.000000000000000        4002.0592331917805        4001.9697696004528        8.9463591327785252E-002
   38.500000000000000        3997.8728113450902        3997.7801185936405        9.2692751449703792E-002
   39.000000000000000        3993.6320684403313        3993.5360488802385        9.6019560092827305E-002
   39.500000000000000        3989.3364267308862        3989.2369801601594        9.9446570726740902E-002
   40.000000000000000        3984.9853059270290        3984.8823295355351       0.10297639149393945     
   40.500000000000000        3980.5781232972136        3980.4715116112948       0.10661168591877868     
   41.000000000000000        3976.1142937733139        3976.0039385996974       0.11035517361642633     
   41.500000000000000        3971.5932300598697        3971.4790204288906       0.11420963097907588     
   42.000000000000000        3967.0143427474186        3966.8961648555642       0.11817789185442962     
   42.500000000000000        3962.3770404299794        3962.2547775817702       0.12226284820917499     
   43.000000000000000        3957.6807298267481        3957.5542623759761       0.12646745077199739     
   43.500000000000000        3952.9248159080912        3952.7940211984214       0.13079470966977169     
   44.000000000000000        3948.1087020258738        3947.9734543308437       0.13524769503010248     
   44.500000000000000        3943.2317900482185        3943.0919605106410       0.13982953757749783     
   45.000000000000000        3938.2934804987322        3938.1489370695367       0.14454342919543706     
   45.500000000000000        3933.2931727002838        3933.1437800768072       0.14939262347661497     
   46.000000000000000        3928.2302649233798        3928.0758844871416       0.15438043623817066     
   46.500000000000000        3923.1041545392040        3922.9446442931885       0.15951024601554309     
   47.000000000000000        3917.9142381773800        3917.7494526828532       0.16478549452676816     
   47.500000000000000        3912.6599118885083        3912.4897022014025       0.17020968710585294     
   48.000000000000000        3907.3405713115358        3907.1647849184324       0.17578639310340805     
   48.500000000000000        3901.9556118460091        3901.7740925997568       0.18151924625226457     
   49.000000000000000        3896.5044288292652        3896.3170168842635       0.18741194500171332     
   49.500000000000000        3890.9864177185996        3890.7929494657910       0.19346825280854318     
   50.000000000000000        3885.4009742784610        3885.2012822800752       0.19969199838578788     
   50.500000000000000        3879.7474947727260        3879.5414076968063       0.20608707591964048     
   51.000000000000000        3874.0253761620738        3873.8127187168443       0.21265744522952446     
   51.500000000000000        3868.2340163065151        3868.0146091746246       0.21940713189042071     
   52.000000000000000        3862.3728141730994        3862.1464739457992       0.22634022730017023     
   52.500000000000000        3856.4411700488376        3856.2077091601391       0.23346088869857340     
   53.000000000000000        3850.4384857588661        3850.1977124197324       0.24077333913373877     
   53.500000000000000        3844.3641648898724        3844.1158830225022       0.24828186737022406     
   54.000000000000000        3838.2176130188050        3837.9616221910678       0.25599082773715054     
   54.500000000000000        3831.9982379468893        3831.7343333069671       0.26390463992220248     
   55.000000000000000        3825.7054499389496        3825.4334221502563       0.27202778869332178     
   55.500000000000000        3819.3386619680564        3819.0582971444960       0.28036482356037595     
   56.000000000000000        3812.8972899654959        3812.6083696071291       0.28892035836679497     
   56.500000000000000        3806.3807530760628        3806.0830540052548       0.29769907080799385     
   57.000000000000000        3799.7884739186661        3799.4817682167900       0.30670570187612611     
   57.500000000000000        3793.1198788522520        3792.8039337970167       0.31594505523526095     
   58.000000000000000        3786.3743982469964        3786.0489762504931       0.32542199650333714     
   58.500000000000000        3779.5514667607845        3779.2163253083181       0.33514145246635962     
   59.000000000000000        3772.6505236209132        3772.3054152107170       0.34510841019618965     
   59.500000000000000        3765.6710129110124        3765.3156849949219       0.35532791609057313     
   60.000000000000000        3758.6123838631270        3758.2465787883102       0.36580507481676250     
   60.500000000000000        3751.4740911549197        3751.0975461067578       0.37654504816191547     
   61.000000000000000        3744.2555952119460        3743.8680421581566       0.38755305378936100     
   61.500000000000000        3736.9563625149412        3736.5575281510432       0.39883436389800409     
   62.000000000000000        3729.5758659120506        3729.1654716082739       0.41039430377668396     
   62.500000000000000        3722.1135849359353        3721.6913466856799       0.42223825025530459     
   63.000000000000000        3714.5690061256760        3714.1346344956232       0.43437163005273760     
   63.500000000000000        3706.9416233533775        3706.4948234353692       0.44679991800830976     
   64.000000000000000        3699.2309381553955        3698.7714095201895       0.45952863520597020     
   64.500000000000000        3691.4364600680728        3690.9638967210890       0.47256334698386127     
   65.000000000000000        3683.5577069678784        3683.0717973070555       0.48590966082292653     
   65.500000000000000        3675.5942054158368        3675.0946321917158       0.49957322412092253     
   66.000000000000000        3667.5454910061094        3667.0319312842739       0.51355972183546328     
   66.500000000000000        3659.4111087186143        3658.8832338446014       0.52787487401292310     
   67.000000000000000        3651.1906132755198        3650.6480888423398       0.54252443318000587     
   67.500000000000000        3642.8835695014786        3642.3260553198661       0.55751418161253241     
   68.000000000000000        3634.4895526874375        3633.9167027589651       0.57284992847235117     
   68.500000000000000        3626.0081489578456        3625.4196114510391       0.58853750680646044     
   69.000000000000000        3617.4389556410983        3616.8343728706864       0.60458277041198016     
   69.500000000000000        3608.7815816430243        3608.1605900524551       0.62099159056924691     
   70.000000000000000        3600.0356478232161        3599.3978779705885       0.63776985262757080     
   70.500000000000000        3591.2007873740067        3590.5458639215512       0.65492345245547767     
   71.000000000000000        3582.2766462018753        3581.6041879091276       0.67245829274770585     
   71.500000000000000        3573.2628833110607        3572.5725030318704       0.69038027919032174     
   72.000000000000000        3564.1591711891410        3563.4504758726680       0.70869531647304029     
   72.500000000000000        3554.9651961943632        3554.2377868901881       0.72740930417512573     
   73.000000000000000        3545.6806589444295        3544.9341308119510       0.74652813247848826     
   73.500000000000000        3536.3052747065290        3535.5392170287669       0.76605767776209177     
   74.000000000000000        3526.8387737883018        3526.0527699902746       0.78600379802719544     
   74.500000000000000        3517.2809019294832        3516.4745296012961       0.80637232818708071     
   75.000000000000000        3507.6314206939296        3506.8042516187224       0.82716907520716632     
   75.500000000000000        3497.8901078617282        3497.0417080486313       0.84839981309687573     
   76.000000000000000        3488.0567578210871        3487.1866875433279       0.87007027775916868     
   76.500000000000000        3478.1311819596835        3477.2389957979958       0.89218616168773224     
   77.000000000000000        3468.1132090551537        3467.1984559466273       0.91475310852638358     
   77.500000000000000        3458.0026856643867        3457.0649089569006       0.93777670748613673     
   78.000000000000000        3447.7994765112726        3446.8382140236613       0.96126248761129318     
   78.500000000000000        3437.5034648725741        3436.5182489606527       0.98521591192138658     
   79.000000000000000        3427.1145529615369        3426.1049105901352        1.0096423714016964     
   79.500000000000000        3416.6326623088935        3415.5981151300266        1.0345471788668874     
   80.000000000000000        3406.0577341408734        3404.9977985781825        1.0599355626909528     
   80.500000000000000        3395.3897297538456        3394.3039170934362        1.0858126604093741     
   81.000000000000000        3384.6286308851968        3383.5164473730006        1.1121835121962249     
   81.500000000000000        3373.7744400800520        3372.6353870258349        1.1390530542171291     
   82.000000000000000        3362.8271810534384        3361.6607549415694        1.1664261118689865     
   82.500000000000000        3351.7868990474803        3350.5925916545734        1.1943073929069215     
   83.000000000000000        3340.6536611832084        3339.4309597027491        1.2227014804593637     
   83.500000000000000        3329.4275568065700        3328.1759439806224        1.2516128259476318     
   84.000000000000000        3318.1086978282074        3316.8276520863055        1.2810457419018348     
   84.500000000000000        3306.6972190565871        3305.3862146618926        1.3110043946944643     
   85.000000000000000        3295.1932785240269        3293.8517857268484        1.3414927971784891     
   85.500000000000000        3283.5970578052102        3282.2245430039502        1.3725148012599675     
   86.000000000000000        3271.9087623277210        3270.5046882373299        1.4040740903910773     
   86.500000000000000        3260.1286216741833        3258.6924475021751        1.4361741720081227     
   87.000000000000000        3248.2568898755344        3246.7880715056303        1.4688183699040565     
   87.500000000000000        3236.2938456950178        3234.7918358784491        1.5020098165687159     
   88.000000000000000        3224.2397929024182        3222.7040414569401        1.5357514454781267     
   88.500000000000000        3212.0950605381163        3210.5250145547561        1.5700459833601599     
   89.000000000000000        3199.8600031665105        3198.2551072240676        1.6048959424429086     
   89.500000000000000        3187.5350011183609        3185.8946975056715        1.6403036126894222     
   90.000000000000000        3175.1204607216137        3173.4441896675798        1.6762710540338048     
   90.500000000000000        3162.6168145202705        3160.9040144316436        1.7128000886268637     
   91.000000000000000        3150.0245214808710        3148.2746291877615        1.7498922931094967     
   91.500000000000000        3137.3440671861417        3135.5565181952352        1.7875489909065436     
   92.000000000000000        3124.5759640154097        3122.7501927708304        1.8257712445793004     
   92.500000000000000        3111.7207513113353        3109.8561914631168        1.8645598482185051     
   93.000000000000000        3098.7789955325743        3096.8750802126547        1.9039153199196335     
   93.500000000000000        3085.7512903919423        3083.8074524976164        1.9438378943259522     
   94.000000000000000        3072.6382569797006        3070.6539294644281        1.9843275152725255     
   94.500000000000000        3059.4405438715594        3057.4151600430300        2.0253838285293568     
   95.000000000000000        3046.1588272210333        3044.0918210463656        2.0670061746677675     
   95.500000000000000        3032.7938108357671        3030.6846172537130        2.1091935820541039     
   96.000000000000000        3019.3462262374837        3017.1942814774943        2.1519447599894193     
   96.500000000000000        3005.8168327052053        3003.6215746131970        2.1952580920083165     
   97.000000000000000        2992.2064173014169        2989.9672856720672        2.2391316293496857     
   97.500000000000000        2978.5157948808492        2976.2322317962389        2.2835630846102504     
   98.000000000000000        2964.7458080815818        2962.4172582559836        2.3285498255982020     
   98.500000000000000        2950.8973272981802        2948.5232384287774        2.3740888694028399     
   99.000000000000000        2936.9712506365877        2934.5510737598988        2.4201768766888563     
   99.500000000000000        2922.9685038505168        2920.5016937042874        2.4668101462293635     
   100.00000000000000        2908.8900402591130        2906.3760556494144        2.5139846096985821     
   100.50000000000000        2894.7368406456571        2892.1751448189307        2.5616958267264636     
   101.00000000000000        2880.5099131371176        2877.8999741568755        2.6099389802420774     
   101.50000000000000        2866.2102930643641        2863.5515841922575        2.6587088721066721     
   102.00000000000000        2851.8390428028888        2849.1310428838301        2.7079999190586932     
   102.50000000000000        2837.3972515938908        2834.6394454449123        2.7578061489784886     
   103.00000000000000        2822.8860353456139        2820.0779141481225        2.8081211974913458     
   103.50000000000000        2808.3065364148338        2805.4475981099213        2.8589383049124990     
   104.00000000000000        2793.6599233684328        2790.7496730548755        2.9102503135572988     
   104.50000000000000        2778.9473907250026        2775.9853410595852        2.9620496654174531     
   105.00000000000000        2764.1701586764621        2761.1558302762373        3.0143284002247128     
   105.50000000000000        2749.3294727896841        2746.2623946357749        3.0670781539092786     
   106.00000000000000        2734.4266036881504        2731.3063135306938        3.1202901574565658     
   106.50000000000000        2719.4628467136977        2716.2888914775094        3.1739552361882488     
   107.00000000000000        2704.4395215684167        2701.2114577589550        3.2280638094616734     
   107.50000000000000        2689.3579719368122        2686.0753660460068        3.2826058908053710     
   108.00000000000000        2674.2195650883496        2670.8819939998511        3.3375710884984073     
   108.50000000000000        2659.0256914605384        2655.6327428539403        3.3929486065981109     
   109.00000000000000        2643.7777642227343        2640.3290369763063        3.4487272464280068     
   109.50000000000000        2628.4772188208649        2624.9723234123353        3.5048954085295918     
   110.00000000000000        2613.1255125033049        2609.5640714082233        3.5614410950815909     
   110.50000000000000        2597.7241238281713        2594.1057719153696        3.6183519128016997     
   111.00000000000000        2582.2745521523061        2578.5989370759862        3.6756150763199003     
   111.50000000000000        2566.7783171022711        2563.0450996902277        3.7332174120433592     
   112.00000000000000        2551.2369580276818        2547.4458126651803        3.7911453625015383     
   112.50000000000000        2535.6520334372485        2531.8026484460620        3.8493849911865254     
   113.00000000000000        2520.0251204179044        2516.1171984300286        3.9079219878758522     
   113.50000000000000        2504.3578140374370        2500.3910723629879        3.9667416744491675     
   114.00000000000000        2488.6517267310664        2484.6258977198681        4.0258290111983115     
   114.50000000000000        2472.9084876724114        2468.8233190687956        4.0851686036157844     
   115.00000000000000        2457.1297421293521        2452.9849974196741        4.1447447096779797     
   115.50000000000000        2441.3171508052737        2437.1126095576715        4.2045412476022648     
   116.00000000000000        2425.4723891662456        2421.2078473621536        4.2645418040920049     
   116.50000000000000        2409.5971467546592        2405.2724171116151        4.3247296430440656     
   117.00000000000000        2393.6931264899231        2389.3080387751925        4.3850877147306164     
   117.50000000000000        2377.7620439567891        2373.3164452913547        4.4455986654343178     
   118.00000000000000        2361.8056266819376        2357.2993818343948        4.5062448475428027     
   118.50000000000000        2345.8256133994346        2341.2586050693581        4.5670083300765327     
   119.00000000000000        2329.8237533057263        2325.1958823960699        4.6278709096563944     
   119.50000000000000        2313.8018053048272        2309.1129911829353        4.6888141218919372     
   120.00000000000000        2297.7615372443843        2293.0117179912049        4.7498192531793393     
   120.50000000000000        2281.7047251433060        2276.8938577904128        4.8108673528931831     
   121.00000000000000        2265.6331524116849        2260.7612131657111        4.8719392459738629     
   121.50000000000000        2249.5486090637096        2244.6155935178363        4.9330155458733316     
   122.00000000000000        2233.4528909243186        2228.4588142564535        4.9940766678651016     
   122.50000000000000        2217.3477988303248        2212.2926959876386        5.0551028426862104     
   123.00000000000000        2201.2351378267786        2196.1190636962679        5.1160741305106967     
   123.50000000000000        2185.1167163593132        2179.9397459240904        5.1769704352227564     
   124.00000000000000        2168.9943454632457        2163.7565739442675        5.2377715189782066     
   124.50000000000000        2152.8698379502098        2147.5713809331714        5.2984570170383449     
   125.00000000000000        2136.7450075930860        2131.3860011402353        5.3590064528507355     
   125.50000000000000        2120.6216683100183        2115.2022690566564        5.4193992533619166     
   126.00000000000000        2104.5016333482849        2099.0220185837475        5.4796147645374731     
   126.50000000000000        2088.3867144688193        2082.8470822017439        5.5396322670753761     
   127.00000000000000        2072.2787211321433        2066.6792901398626        5.5994309922807588     
   127.50000000000000        2056.1794596865029        2050.5204695484117        5.6589901380912124     
   128.00000000000000        2040.0907325589710        2034.3724436737482        5.7182888852228189     
   128.50000000000000        2024.0143374502914        2018.2370310368717        5.7773064134196375     
   129.00000000000000        2007.9520665342241        2002.1160446164424        5.8360219177816361     
   129.50000000000000        1991.9057056621409        1986.0112910369983        5.8944146251426446     
   130.00000000000000        1975.8770335736338        1969.9245697631418        5.9524638104919632     
   130.50000000000000        1959.8678211138492        1953.8576723004569        6.0101488133923340     
   131.00000000000000        1943.8798304582970        1937.8123814039031        6.0674490543938191     
   131.50000000000000        1927.9148143458299        1921.7904702944254        6.1243440514044778     
   132.00000000000000        1911.9745153205090        1905.7937018845023        6.1808134360067015     
   132.50000000000000        1896.0606649830261        1889.8238280133426        6.2368369696835089     
   133.00000000000000        1880.1749832523615        1873.8825886924221        6.2923945599393392     
   133.50000000000000        1864.3191776383399        1857.9717113620409        6.3474662762989738     
   134.00000000000000        1848.4949425257016        1842.0929101595575        6.4020323661441125     
   134.50000000000000        1832.7039584703246        1826.2478851999440        6.4560732703805570     
   135.00000000000000        1816.9478915081966        1810.4383218692815        6.5095696389150817     
   135.50000000000000        1801.2283924777009        1794.6658901317990        6.5625023459019758     
   136.00000000000000        1785.5470963557962        1778.9322438510339        6.6148525047622115     
   136.50000000000000        1769.9056216086165        1763.2390201256760        6.6666014829404503     
   137.00000000000000        1754.3055695570038        1747.5878386406248        6.7177309163789687     
   137.50000000000000        1738.7485237574735        1731.9803010337785        6.7682227236950894     
   138.00000000000000        1723.2360493990855        1716.4179902790379        6.8180591200475646     
   138.50000000000000        1707.7696927166448        1700.9024700859914        6.8672226306534867     
   139.00000000000000        1692.3509804206833        1685.4352843167187        6.9156961039645921     
   139.50000000000000        1676.9814191445905        1670.0179564201258        6.9634627244647618     
   140.00000000000000        1661.6624949092836        1654.6519888841981        7.0105060250855331     
   140.50000000000000        1646.3956726057538        1639.3388627065337        7.0568098992200703     
   141.00000000000000        1631.1823954958047        1624.0800368834880        7.1023586123167206     
   141.50000000000000        1616.0240847312837        1608.8769479182381        7.1471368130455630     
   142.00000000000000        1600.9221388920748        1593.7310093480494        7.1911295440254435     
   142.50000000000000        1585.8779335430793        1578.6436112909919        7.2343222520873951     
   143.00000000000000        1570.8928208104157        1563.6161200123374        7.2767007980783092     
   143.50000000000000        1555.9681289770253        1548.6498775108321        7.3182514661932601     
   144.00000000000000        1541.1051620978246        1533.7462011250179        7.3589609728066989     
   144.50000000000000        1526.3051996345771        1518.9063831597473        7.3988164748298004     
   145.00000000000000        1511.5694961105539        1504.1316905330063        7.4378055775475787     
   145.50000000000000        1496.8992807851018        1489.4233644431388        7.4759163419630568     
   146.00000000000000        1482.2957573481588        1474.7826200565353        7.5131372916234795     
   146.50000000000000        1467.7601036347469        1460.2106462158247        7.5494574189222021     
   147.00000000000000        1453.2934713594682        1445.7086051685801        7.5848661908880786     
   147.50000000000000        1438.8969858709766        1431.2776323165269        7.6193535544496171     
   148.00000000000000        1424.5717459263792        1416.9188359852144        7.6529099411648076     
   148.50000000000000        1410.3188234855213        1402.6332972140874        7.6855262714339005     
   149.00000000000000        1396.1392635250547        1388.4220695668732        7.7171939581814968     
   149.50000000000000        1382.0340838721811        1374.2861789621716        7.7479049100095381     
   150.00000000000000        1368.0042750579460        1360.2266235241168        7.7776515338291574     
   150.50000000000000        1354.0508001899300        1346.2443734529556        7.8064267369743447     
   151.00000000000000        1340.1745948441517        1332.3403709153647        7.8342239287869688     
   151.50000000000000        1326.3765669760107        1318.5155299543098        7.8610370217008949     
   152.00000000000000        1312.6575968500349        1304.7707364182299        7.8868604318049620     
   152.50000000000000        1299.0185369882188        1291.1068479093083        7.9116890789105128     
   153.00000000000000        1285.4602121366979        1277.5246937505744        7.9355183861234764     
   153.50000000000000        1271.9834192504834        1264.0250749715642        7.9583442789191849     
   154.00000000000000        1258.5889274959902        1250.6087643122469        7.9801631837433433     
   154.50000000000000        1245.2774782710517        1237.2765062449116        8.0009720261400616     
   155.00000000000000        1232.0497852421015        1224.0290170136911        8.0207682284103612     
   155.50000000000000        1218.9065343982074        1210.8669846913854        8.0395497068220720     
   156.00000000000000        1205.8483841216132        1197.7910692532330        8.0573148683802174     
   156.50000000000000        1192.8759652744229        1184.8019026672675        8.0740626071553834     
   157.00000000000000        1179.9898813010807        1171.9000890008822        8.0897923001984964     
   157.50000000000000        1167.1907083462627        1159.0862045432145        8.1045038030481464     
   158.00000000000000        1154.4789953877864        1146.3607979429532        8.1181974448331857     
   158.50000000000000        1141.8552643841629        1133.7243903611607        8.1308740230022067     
   159.00000000000000        1129.3200104363641        1121.1774756386917        8.1425347976723970     
   159.50000000000000        1116.8737019634164        1108.7205204777881        8.1531814856282381     
   160.00000000000000        1104.5167808913891        1096.3539646374136        8.1628162539755067     
   160.50000000000000        1092.2496628553547        1084.0782211418939        8.1714417134608084     
   161.00000000000000        1080.0727374138987        1071.8936765024175        8.1790609114812014     
   161.50000000000000        1067.9863682757436        1059.8006909509490        8.1856773247945966     
   162.00000000000000        1055.9908935380365        1047.7995986861031        8.1912948519334350     
   162.50000000000000        1044.0866259358825        1035.8907081305244        8.1959178053580217     
   163.00000000000000        1032.2738531026646        1024.0743021993153        8.1995509033492908     
   163.50000000000000        1020.5528378407056        1012.3506385790519        8.2021992616537318     
   164.00000000000000        1008.9238184018410        1000.7199500169287        8.2038683849123117     
   164.50000000000000        997.38700877743588        989.18244461957181        8.2045641578640698     
   165.00000000000000        985.94259899742246        977.73830616105897        8.2042928363634928     
   165.50000000000000        974.59075543789822        966.38769439968871        8.2030610382095119     
   166.00000000000000        963.33162113684693        955.13074540304046        8.2008757338064697     
   166.50000000000000        952.16531611754397        943.96757188087156        8.1977442366724063     
   167.00000000000000        941.09193771920980        932.89826352539717        8.1936741938126261     
   167.50000000000000        930.11156093446573        921.92288735850593        8.1886735759597968     
   168.00000000000000        919.22423875317816        911.04148808546529        8.1827506677128667     
   168.50000000000000        908.43000251225317        900.25408845467700        8.1759140575761649     
   169.00000000000000        897.72886225095908        889.56068962304664        8.1681726279124405     
   169.50000000000000        887.12080707136943        878.96127152653776        8.1595355448316695     
   170.00000000000000        876.60580550351108        868.45579325548590        8.1500122480251775     
   170.50000000000000        866.18380587480442        858.04419343425525        8.1396124405491719     
   171.00000000000000        855.85473668341490        847.72639060482607        8.1283460785888337     
   171.50000000000000        845.61850697510476        837.50228361390975        8.1162233611950114     
   172.00000000000000        835.47500672321473        827.37175200319336        8.1032547200213685     
   172.50000000000000        825.42410721139458        817.33465640232555        8.0894508090690351     
   173.00000000000000        815.46566141870449        807.39083892426288        8.0748224944416052     
   173.50000000000000        805.59950440673902        797.54012356260262        8.0593808441363990     
   174.00000000000000        795.82545370841240        787.78231659053881        8.0431371178735844     
   174.50000000000000        786.14330971805714        778.11720696108512        8.0261027569720227     
   175.00000000000000        776.55285608250620        768.54456670821833        8.0082893742878696     
   175.50000000000000        767.05386009282927        759.06415134860413        7.9897087442251404     
   176.00000000000000        757.64607307639631        749.67570028357750        7.9703727928188073     
   176.50000000000000        748.32923078896988        740.37893720105831        7.9502935879115739     
   177.00000000000000        739.10305380651835        731.17357047709231        7.9294833294260343     
   177.50000000000000        729.96724791645488        722.05929357671835        7.9079543397365342     
   178.00000000000000        720.92150450803183        713.03578545387063        7.8857190541611999     
   178.50000000000000        711.96550096160149        704.10271095003566        7.8627900115658349     
   179.00000000000000        703.09890103649172        695.25972119139396        7.8391798450977603     
   179.50000000000000        694.32135525723947        686.50645398418374        7.8149012730557388     
   180.00000000000000        685.63250129792880        677.84253420803702        7.7899670898917748     
   180.50000000000000        677.03196436440919        669.26757420704564        7.7643901573635503     
   181.00000000000000        668.51935757416300        660.78117417832561        7.7381833958373818     
   181.50000000000000        660.09428233360029        652.38292255785791        7.7113597757423804     
   182.00000000000000        651.75632871258108        644.07239640339310        7.6839323091879805     
   182.50000000000000        643.50507581596514        635.84916177421701        7.6559140417481331     
   183.00000000000000        635.34009215199046        627.71277410758421        7.6273180444062518     
   183.50000000000000        627.26093599731746        619.66277859163495        7.5981574056825139     
   184.00000000000000        619.26715575854803        611.69871053462145        7.5684452239265738     
   184.50000000000000        611.35829033007280        603.82009573027744        7.5381945997953608     
   185.00000000000000        603.53386944808540        596.02645081917512        7.5074186289102727     
   185.50000000000000        595.79341404061597        588.31728364592163        7.4761303946943372     
   186.00000000000000        588.13643657345438        580.69209361205640        7.4443429613979788     
   186.50000000000000        580.56244139183104        573.15037202451936        7.4120693673116875     
   187.00000000000000        573.07092505773221        565.69160243956821        7.3793226181639966     
   187.50000000000000        565.66137668274177        558.31526100203189        7.3461156807098860     
   188.00000000000000        558.33327825630693        551.02081677979447        7.3124614765124534     
   188.50000000000000        551.08610496932192        543.80773209341282        7.2783728759090991     
   189.00000000000000        543.91932553295180        536.67546284077810        7.2438626921737068     
   189.50000000000000        536.83240249260848        529.62345881674014        7.2089436758683405     
   190.00000000000000        529.82479253700274        522.65116402761930        7.1736285093834340     
   190.50000000000000        522.89594680221126        515.75801700053921        7.1379298016720441     
   191.00000000000000        516.04531117069098        508.94345108752043        7.1018600831705498     
   191.50000000000000        509.27232656519027        502.20689476428157        7.0654318009086978     
   192.00000000000000        502.57642923751132        495.54777192370096        7.0286573138103563     
   192.50000000000000        495.95705105207412        488.96550216389898        6.9915488881751457     
   193.00000000000000        489.41361976425708        482.45950107090721        6.9541186933498693     
   193.50000000000000        482.94555929347837        476.02918049589624        6.9163787975821265     
   194.00000000000000        476.55228999099364        469.67394882694009        6.8783411640535519     
   194.50000000000000        470.23322890239507        463.39321125530103        6.8400176470940437     
   195.00000000000000        463.98779002479961        457.18637003622359        6.8014199885760149     
   195.50000000000000        457.81538455871038        451.05282474423223        6.7625598144781520     
   196.00000000000000        451.71542115456094        444.99197252293163        6.7234486316293101     
   196.50000000000000        445.68730615393065        439.00320832931442        6.6840978246162308     
   197.00000000000000        439.73044382544805        433.08592517258421        6.6445186528638374     
   197.50000000000000        433.84423659538874        427.23951434750830        6.6047222478804315     
   198.00000000000000        428.02808527297873        421.46336566231656        6.5647196106621664     
   198.50000000000000        422.28138927042977        415.75686766116883        6.5245216092609439     
   199.00000000000000        416.60354681772429        410.11940784121612        6.4841389765081772     
   199.50000000000000        410.99395517217482        404.55037286428490        6.4435823078899261     
   200.00000000000000        405.45201082279283        399.04914876321703        6.4028620595757957     
   200.50000000000000        399.97710968949707        393.61512114290190        6.3619885465951711     
   201.00000000000000        394.56864731719446        388.24767537603981        6.3209719411546530     
   201.50000000000000        389.22601906477900        382.94619679367884        6.2798222711001586     
   202.00000000000000        383.94862028908761        377.71007087057075        6.2385494185168682     
   202.50000000000000        378.73584652385352        372.53868340539350        6.1971631184600255     
   203.00000000000000        373.58709365371334        367.43142069589072        6.1556729578226168     
   203.50000000000000        368.50175808330727        362.38766970898143        6.1140883743258314     
   204.00000000000000        363.47923690153164        357.40681824589421        6.0724186556374207     
   204.50000000000000        358.51892804099504        352.48825510238362        6.0306729386114171     
   205.00000000000000        353.62023043273030        347.63137022408750        5.9888602086427909     
   205.50000000000000        348.78254415622575        342.83555485708587        5.9469892991398865     
   206.00000000000000        344.00527058483146        338.10020169372410        5.9050688911073621     
   206.50000000000000        339.28781252659934        333.42470501376431        5.8631075128350290     
   207.00000000000000        334.62957436062322        328.80846082092995        5.8211135396932718     
   207.50000000000000        330.02996216894115        324.25086697491088        5.7790951940302762     
   208.00000000000000        325.48838386405947        319.75132331889603        5.7370605451634447     
   208.50000000000000        321.00424931217367        315.30923180270298        5.6950175094706879     
   209.00000000000000        316.57697045214195        310.92399660157383        5.6529738505681166     
   209.50000000000000        312.20596141028705        306.59502423070819        5.6109371795788547     
   210.00000000000000        307.89063861109145        302.32172365560433        5.5689149554871165     
   210.50000000000000        303.63042088385191        298.10350639828050        5.5269144855714103     
   211.00000000000000        299.42472956536761        293.93978663944864        5.4849429259189719     
   211.50000000000000        295.27298859872934        289.82998131671383        5.4430072820155146     
   212.00000000000000        291.17462462827746        285.77351021887159        5.4011144094058636     
   212.50000000000000        287.12906709080369        281.76979607637765        5.3592710144260423     
   213.00000000000000        283.13574830306482        277.81826464806272        5.3174836550020927     
   213.50000000000000        279.19410354567719        273.91834480416662        5.2757587415105718     
   214.00000000000000        275.30357114346742        270.06946860576500        5.2341025377024266     
   214.50000000000000        271.46359254234693        266.27107138066259        5.1925211616843399     
   215.00000000000000        267.67361238277988        262.52259179582609        5.1510205869537913     
   215.50000000000000        263.93307856992061        258.82347192643027        5.1096066434903378     
   216.00000000000000        260.24144234048356        255.17315732159054        5.0682850188930217     
   216.50000000000000        256.59815832642209        251.57109706685401        5.0270612595680859     
   217.00000000000000        253.00268461548356        248.01674384352231        4.9859407719612534     
   217.50000000000000        249.45448280870855        244.50955398487741        4.9449288238311340     
   218.00000000000000        245.95301807494675        241.04898752938243        4.9040305455643249     
   218.50000000000000        242.49775920245600        237.63450827092811        4.8632509315278867     
   219.00000000000000        239.08817864765214        234.26558380619562        4.8225948414565210     
   219.50000000000000        235.72375258107917        230.94168557920543        4.7820670018737417     
   220.00000000000000        232.40396093066610        227.66228892312151        4.7416720075445937     
   220.50000000000000        229.12828742233484        224.42687309937929        4.7014143229555430     
   221.00000000000000        225.89621961802811        221.23492133420544        4.6612982838226742     
   221.50000000000000        222.70724895122160        218.08592085259642        4.6213280986251846     
   222.00000000000000        219.56087075998158        214.97936290982213        4.5815078501594542     
   222.50000000000000        216.45658431763755        211.91474282052044        4.5418414971171046     
   223.00000000000000        213.39389286112646        208.89155998544703        4.5023328756794285     
   223.50000000000000        210.37230361707572        205.90931791594477        4.4629857011309468     
   224.00000000000000        207.39132782568424        202.96752425619539        4.4238035694888538     
   224.50000000000000        204.45048076246024        200.06569080331602        4.3847899591442285     
   225.00000000000000        201.54928175787933        197.20333352536147        4.3459482325178556     
   225.50000000000000        198.68725421501927        194.37997257729296        4.3072816377263052     
   226.00000000000000        195.86392562522857        191.59513231497249        4.2687933102560862     
   226.50000000000000        193.07882758188842        188.84834130724178        4.2304862746466370     
   227.00000000000000        190.33149579232310        186.13913234614287        4.1923634461802237     
   227.50000000000000        187.62147008791237        183.46704245533755        4.1544276325748228     
   228.00000000000000        184.94829443246402        180.83161289678080        4.1166815356832274     
   228.50000000000000        182.31151692889574        178.23238917570342        4.0791277531923242     
   229.00000000000000        179.71068982428218        175.66892104395728        4.0417687803249009     
   229.50000000000000        177.14536951331783        173.14076250177615        4.0046070115416796     
   230.00000000000000        174.61511654024477        170.64747179800381        3.9676447422409638     
   230.50000000000000        172.11949559929755        168.18861142884026        3.9308841704572899     
   231.00000000000000        169.65807553371320        165.76374813515619        3.8943273985570102     
   231.50000000000000        167.23042933335248        163.37245289842403        3.8579764349284460     
   232.00000000000000        164.83613413098206        161.01430093531405        3.8218331956680061     
   232.50000000000000        162.47477119726267        158.68887169100202        3.7858995062606482     
   233.00000000000000        160.14592593448643        156.39574883123476        3.7501771032516729     
   233.50000000000000        157.84918786911089        154.13452023319817        3.7146676359127184     
   234.00000000000000        155.58415064313110        151.90477797523238        3.6793726678987184     
   234.50000000000000        153.35041200433071        149.70611832543631        3.6442936788943996     
   235.00000000000000        151.14757379545782        147.53814172920465        3.6094320662531629     
   235.50000000000000        148.97524194236061        145.40045279573778        3.5747891466228339     
   236.00000000000000        146.83302644112740        143.29266028356540        3.5403661575620049     
   236.50000000000000        144.72054134426696        141.21437708512281        3.5061642591441569     
   237.00000000000000        142.63740474596702        139.16522021041871        3.4721845355483083     
   237.50000000000000        140.58323876646961        137.14481076983174        3.4384279966378699     
   238.00000000000000        138.55766953559848        135.15277395607239        3.4048955795260838     
   238.50000000000000        136.56032717547259        133.18873902534639        3.3715881501262004     
   239.00000000000000        134.59084578244281        131.25233927775403        3.3385065046887803     
   239.50000000000000        132.64886340828329        129.34321203695973        3.3056513713235631     
   240.00000000000000        130.73402204067051        127.46099862916483        3.2730234115056760     
   240.50000000000000        128.84596758298315        125.60534436141612        3.2406232215670343     
   241.00000000000000        126.98434983345317        123.77589849928131        3.2084513341718548     
   241.50000000000000        125.14882246369746        121.97231424392247        3.1765082197749877     
   242.00000000000000        123.33904299666220        120.19424870859700        3.1447942880651993     
   242.50000000000000        121.55467278400565        118.44136289461535        3.1133098893902940     
   243.00000000000000        119.79537698294993        116.71332166678378        3.0820553161661479     
   243.50000000000000        118.06082453262825        115.00979372835960        3.0510308042686489     
   244.00000000000000        116.35068812995283        113.33045159554565        3.0202365344071751     
   244.50000000000000        114.66464420503181        111.67497157155022        2.9896726334815895     
   245.00000000000000        113.00237289615865        110.04303372023736        2.9593391759212864     
   245.50000000000000        111.36355802439807        108.43432183939248        2.9292361850055926     
   246.00000000000000        109.74788706779385        106.84852343362682        2.8993636341670310     
   246.50000000000000        108.15505113522069        105.28532968694418        2.8697214482765077     
   247.00000000000000        106.58474493990150        103.74443543499216        2.8403095049093423     
   247.50000000000000        105.03666677261431        102.22553913701996        2.8111276355943460     
   248.00000000000000        103.51051847460722        100.72834284756374        2.7821756270434861     
   248.50000000000000        102.00600541024382        99.252552187879985        2.7534532223638308     
   249.00000000000000        100.52283643939832        97.797876317147072        2.7249601222512467     
   249.50000000000000        99.060723889618885        96.364027903453888        2.6966959861649968     
   250.00000000000000        97.619383528079155        94.950723094594537        2.6686604334846180     
   250.50000000000000        96.198534533335405        93.557681488686910        2.6408530446484946     
   251.00000000000000        94.797899466906202        92.184626104632841        2.6132733622733610     
   251.50000000000000        93.417204244692854        90.831283352436586        2.5859208922562686     
   252.00000000000000        92.056178108256361        89.497383003398141        2.5587951048582198     
   252.50000000000000        90.714553595966180        88.182658160197121        2.5318954357690586     
   253.00000000000000        89.392066514037325        86.886845226882542        2.5052212871547823     
   253.50000000000000        88.088455907470234        85.609683878783301        2.4787720286869330     
   254.00000000000000        86.803464030906810        84.350917032353550        2.4525469985532595     
   254.50000000000000        85.536836319418413        83.110290814966845        2.4265455044515676     
   255.00000000000000        84.288321359237202        81.887554534672262        2.4007668245649398     
   255.50000000000000        83.057670858445150        80.682460649925346        2.3752102085198032     
   256.00000000000000        81.844639617632822        79.494764739306262        2.3498748783265597     
   256.50000000000000        80.648985500539325        78.324225471237057        2.3247600293022685     
   257.00000000000000        79.470469404686142        77.170604573709454        2.2998648309766878     
   257.50000000000000        78.308855232015318        76.033666804034254        2.2751884279810639     
   258.00000000000000        77.163909859542457        74.913179918623030        2.2507299409194275     
   258.50000000000000        76.035403110035986        73.808914642812184        2.2264884672238026     
   259.00000000000000        74.923107722731800        72.720644640739380        2.2024630819924198     
   259.50000000000000        73.826799324092647        71.648146485281615        2.1786528388110327     
   260.00000000000000        72.746256398622876        70.591199628064089        2.1550567705587866     
   260.50000000000000        71.681260259745414        69.549586369548550        2.1316738901968648     
   261.00000000000000        70.631595020751220        68.523091829209434        2.1085031915417858     
   261.50000000000000        69.597047565828746        67.511503915805775        2.0855436500229700     
   262.00000000000000        68.577407521180419        66.514613297756640        2.0627942234237793     
   262.50000000000000        67.572467226235290        65.532213373627215        2.0402538526080747     
   263.00000000000000        66.582021704963736        64.564100242732778        2.0179214622309587     
   263.50000000000000        65.605868637301342        63.610072675867066        1.9957959614342755     
   264.00000000000000        64.643808330688998        62.669932086161559        1.9738762445274389     
   264.50000000000000        63.695643691735242        61.743482500081662        1.9521611916535804     
   265.00000000000000        62.761180198006414        60.830530528565710        1.9306496694407045     
   265.50000000000000        61.840225869951098        59.930885338312258        1.9093405316388399     
   266.00000000000000        60.932591242964016        59.044358623220930        1.8882326197430856     
   266.50000000000000        60.038089339594002        58.170764575991875        1.8673247636021273     
   267.00000000000000        59.156535641902259        57.309919859888545        1.8466157820137141     
   267.50000000000000        58.287748063974043        56.461643580668309        1.8261044833057340     
   268.00000000000000        57.431546924589860        55.625757258685169        1.8057896659046904     
   268.50000000000000        56.587754920058693        54.802084801168618        1.7856701188900743     
   269.00000000000000        55.756197097219129        53.990452474682471        1.7657446225366584     
   269.50000000000000        54.936700826610576        53.190688877767208        1.7460119488433676     
   270.00000000000000        54.129095775818563        52.402624913769280        1.7264708620492826     
   270.50000000000000        53.333213882998699        51.626093763860510        1.7071201191381888     
   271.00000000000000        52.548889330580550        50.860930860250591        1.6879584703299599     
   271.50000000000000        51.775958519155438        50.106973859595470        1.6689846595599676     
   272.00000000000000        51.014260041551594        49.364062616604208        1.6501974249473861     
   272.50000000000000        50.263634657097860        48.632039157846762        1.6315954992510981     
   273.00000000000000        49.523925266078976        47.910747655764929        1.6131776103140467     
   273.50000000000000        48.794976884385733        47.200034402888541        1.5949424814971920     
   274.00000000000000        48.076636618360268        46.499747786258823        1.5768888321014458     
   274.50000000000000        47.368753639839618        45.809738262060691        1.5590153777789268     
   275.00000000000000        46.671179161399614        45.129858330465616        1.5413208309339979     
   275.50000000000000        45.983766411799643        44.459962510686466        1.5238039011131761     
   276.00000000000000        45.306370611630747        43.799907316245715        1.5064632953850321     
   276.50000000000000        44.638848949167702        43.149551230458194        1.4892977187095084     
   277.00000000000000        43.981060556427416        42.508754682129407        1.4723058742980086     
   277.50000000000000        43.332866485433435        41.877380021470373        1.4554864639630622     
   278.00000000000000        42.694129684688086        41.255291496229809        1.4388381884582770     
   278.50000000000000        42.064714975853889        40.642355228044323        1.4223597478095655     
   279.00000000000000        41.444489030643624        40.038439189007207        1.4060498416364169     
   279.50000000000000        40.833320347920406        39.443413178456268        1.3899071694641378     
   280.00000000000000        40.231079231008806        38.857148799981140        1.3739304310276665     
   280.50000000000000        39.637637765216404        38.279519438650212        1.3581183265661920     
   281.00000000000000        39.052869795566430        37.710400238457453        1.3424695571089771     
   281.50000000000000        38.476650904742733        37.149668079989127        1.3269828247536068     
   282.00000000000000        37.908858391245531        36.597201558310424        1.3116568329351068     
   282.50000000000000        37.349371247759095        36.052880961071850        1.2964902866872450     
   283.00000000000000        36.798070139731479        35.516588246835234        1.2814818928962453     
   283.50000000000000        36.254837384165356        34.988207023619047        1.2666303605463085     
   284.00000000000000        35.719556928620165        34.467622527662698        1.2519344009574667     
   284.50000000000000        35.192114330425902        33.954721602409379        1.2373927280165233     
   285.00000000000000        34.672396736107096        33.449392677706989        1.2230040584001074     
   285.50000000000000        34.160292861017147        32.951525749226541        1.2087671117906069     
   286.00000000000000        33.655692969183114        32.461012358097449        1.1946806110856656     
   286.50000000000000        33.158488853359231        31.977745570759019        1.1807432826002113     
   287.00000000000000        32.668573815289108        31.501619959027387        1.1669538562617205     
   287.50000000000000        32.185842646176695        31.032531580377086        1.1533110657996097     
   288.00000000000000        31.710191607363846        30.570377958436435        1.1398136489274115     
   288.50000000000000        31.241518411214919        30.115058063695784        1.1264603475191350     
   289.00000000000000        30.779722202206749        29.666472294427709        1.1132499077790392     
   289.50000000000000        30.324703538224146        29.224522457818139        1.1001810804060064     
   290.00000000000000        29.876364372058791        28.789111751307352        1.0872526207514390     
   290.50000000000000        29.434608033111271        28.360144744139784        1.0744632889714865     
   291.00000000000000        28.999339209295528        27.937527359121486        1.0618118501740419     
   291.50000000000000        28.570463929143898        27.521166854584106        1.0492970745597923     
   292.00000000000000        28.147889544112029        27.110971806554158        1.0369177375578715     
   292.50000000000000        27.731524711083090        26.706852091126365        1.0246726199567249     
   293.00000000000000        27.321279375069096        26.308718867039786        1.0125605080293099     
   293.50000000000000        26.917064752108850        25.916484558455455        1.0005801936533949     
   294.00000000000000        26.518793312361463        25.530062837934192       0.98873047442727113     
   294.50000000000000        26.126378763393511        25.149368609613227       0.97701015378028444     
   295.00000000000000        25.739736033658968        24.774317992580261       0.96541804107870632     
   295.50000000000000        25.358781256170989        24.404828304443587       0.95395295172740191     
   296.00000000000000        24.983431752363483        24.040818045096795       0.94261370726668758     
   296.50000000000000        24.613606016141407        23.682206880676667       0.93139913546474062     
   297.00000000000000        24.249223698119039        23.328915627712771       0.92030807040626783     
   297.50000000000000        23.890205590043806        22.980866237467271       0.90933935257653431     
   298.00000000000000        23.536473609404879        22.637981780463470       0.89849182894140966     
   298.50000000000000        23.187950784225368        22.300186431201549       0.88776435302381884     
   299.00000000000000        22.844561238035986        21.967405453060007       0.87715578497597946     
   299.50000000000000        22.506230175029081        21.639565183381219       0.86666499164786259     
   300.00000000000000        22.172883865392006        21.316593018739606       0.85629084665239930     
   300.50000000000000        21.844449630817525        20.998417400390810       0.84603223042671516     
   301.00000000000000        21.520855830190250        20.684967799900331       0.83588803028991876     
   301.50000000000000        21.202031845447877        20.376174704950046       0.82585714049783121     
   302.00000000000000        20.887908067615037        20.071969605320987       0.81593846229404932     
   302.50000000000000        20.578415883008855        19.772284979050848       0.80613090395800668     
   303.00000000000000        20.273487659614219        19.477054278764530       0.79643338084968818     
   303.50000000000000        19.973056733627867        19.186211918176223       0.78684481545164431     
   304.00000000000000        19.677057396169054        18.899693258761324       0.77736413740773003     
   304.50000000000000        19.385424880155600        18.617434596596642       0.76799028355895871     
   305.00000000000000        19.098095347344074        18.339373149367237       0.75872219797683726     
   305.50000000000000        18.815005875531980        18.065447043538310       0.74955883199367079     
   306.00000000000000        18.536094445920689        17.795595301690497       0.74049914423019203     
   306.50000000000000        18.261299930637886        17.529757830016976       0.73154210062090996     
   307.00000000000000        17.990562080417408        17.267875405980750       0.72268667443665890     
   307.50000000000000        17.723821512435183        17.009889666130508       0.71393184630467488     
   308.00000000000000        17.461019698300049        16.755743094073452       0.70527660422659721     
   308.50000000000000        17.202098952197321        16.505379008603462       0.69671994359385891     
   309.00000000000000        16.947002419183860        16.258741551983004       0.68826086720085655     
   309.50000000000000        16.695674063633390        16.015775678377185       0.67989838525620527     
   310.00000000000000        16.448058657829922        15.776427142438353       0.67163151539156907     
   310.50000000000000        16.204101770708110        15.540642488039619       0.66345928266849086     
   311.00000000000000        15.963749756739213        15.308369037155764       0.65538071958344979     
   311.50000000000000        15.726949744960633        15.079554878889887       0.64739486607074603     
   312.00000000000000        15.493649628147754        14.854148858644276       0.63950076950347778     
   312.50000000000000        15.263798052126857        14.632100567433874       0.63169748469298348     
   313.00000000000000        15.037344405227056        14.413360331340819       0.62398407388623767     
   313.50000000000000        14.814238807870016        14.197879201108469       0.61635960676154689     
   314.00000000000000        14.594432102296228        13.985608941873384       0.60882316042284401     
   314.50000000000000        14.377875842425770        13.776502023033700       0.60137381939206946     
   315.00000000000000        14.164522283852564        13.570511608252387       0.59401067560017751     
   315.50000000000000        13.954324373970326        13.367591545593831       0.58673282837649587     
   316.00000000000000        13.747235742229105        13.167696357792256       0.57953938443684905     
   316.50000000000000        13.543210690520510        12.970781232650458       0.57242945787005262     
   317.00000000000000        13.342204183690404        12.776802013567346       0.56540217012305760     
   317.50000000000000        13.144171840177799        12.585715190192822       0.55845664998497746     
   318.00000000000000        12.949069922778119        12.397477889208494       0.55159203356962472     
   318.50000000000000        12.756855329529596        12.212047865232773       0.54480746429682370     
   319.00000000000000        12.567485584721620        12.029383491848876       0.53810209287274446     
   319.50000000000000        12.380918830023147        11.849443752754297       0.53147507726884946     
   320.00000000000000        12.197113815730084        11.672188233030305       0.52492558269977962     
   320.50000000000000        12.016029892130355        11.497577110530019       0.51845278160033637     
   321.00000000000000        11.837627000984936        11.325571147383684       0.51205585360125205     
   321.50000000000000        11.661865667123637        11.156131681619692       0.50573398550394444     
   322.00000000000000        11.488706990154533        10.989220618899989       0.49948637125454454     
   322.50000000000000        11.318112636285225        10.824800424368457       0.49331221191676811     
   323.00000000000000        11.150044830254860        10.662834114610915       0.48721071564394514     
   323.50000000000000        10.984466347375710        10.503285249725364       0.48118109765034589     
   324.00000000000000        10.821340505682654        10.346117925501130       0.47522258018152463     
   324.50000000000000        10.660631158189441        10.191296765705562       0.46933439248387820     
   325.00000000000000        10.502302685250575        10.038786914476969       0.46351577077360595     
   325.50000000000000        10.346319987027250        9.8885540288224458       0.45776595820480459     
   326.00000000000000        10.192648476056174        9.7405642712193323       0.45208420483684186     
   326.50000000000000        10.041254069920214        9.5947843023189687       0.44646976760124524     
   327.00000000000000        9.8921031840192484        9.4511812737514926       0.44092191026775573     
   327.50000000000000        9.7451627244403163        9.3097228210303911       0.43543990340992522     
   328.00000000000000        9.6004000809255299        9.1703770565555693       0.43002302436996054     
   328.50000000000000        9.4577831199369200        9.0331125627136668       0.42467055722325320     
   329.00000000000000        9.3172801778165866        8.8978983850744111       0.41938179274217546     
   329.50000000000000        9.1788600540411771        8.7647040256817714       0.41415602835940568     
   330.00000000000000        9.0424920045696151        8.6334994364387025       0.40899256813091256     
   330.50000000000000        8.9081457352826270        8.5042550125842968       0.40389072269833015     
   331.00000000000000        8.7757913955130586        8.3769415862621379       0.39884980925092073     
   331.50000000000000        8.6453995716659442        8.2515304201786996       0.39386915148724455     
   332.00000000000000        8.5169412809269449        8.1279932013506162       0.38894807957632871     
   332.50000000000000        8.3903879650581388        8.0063020349396794       0.38408593011845937     
   333.00000000000000        8.2657114842801835        7.8864294381744262       0.37928204610575733     
   333.50000000000000        8.1428841112394981        7.7683483343571869       0.37453577688231121     
   334.00000000000000        8.0218785250594742        7.6520320469554797       0.36984647810399451     
   334.50000000000000        7.9026678054747919        7.5374542937766549       0.36521351169813698     
   335.00000000000000        7.7852254270474797        7.4245891812246878       0.36063624582279186     
   335.50000000000000        7.6695252534638172        7.3134111986380548       0.35611405482576242     
   336.00000000000000        7.5555415319111363        7.2038952127076108       0.35164631920352551     
   336.50000000000000        7.4432488875332270        7.0960164619734272       0.34723242555979983     
   337.00000000000000        7.3326223179634828        6.9897505513995339       0.34287176656394891     
   337.50000000000000        7.2236371879348393        6.8850734470255412       0.33856374090929808     
   338.00000000000000        7.1162692239652996        6.7819614706941183       0.33430775327118134     
   338.50000000000000        7.0104945091181481        6.6803912948533153       0.33010321426483280     
   339.00000000000000        6.9062894778360073        6.5803399374327398       0.32594954040326751     
   339.50000000000000        6.8036309108475015        6.4817847567925915       0.32184615405491002     
   340.00000000000000        6.7024959301457798        6.3847034467445836       0.31779248340119626     
   340.50000000000000        6.6028619940377968        6.2890740316437910       0.31378796239400586     
   341.00000000000000        6.5047068922636067        6.1948748615504625       0.30983203071314414     
   341.50000000000000        6.4080087411845126        6.1020846074608670       0.30592413372364557     
   342.00000000000000        6.3127459790392528        6.0106822566062288       0.30206372243302404     
   342.50000000000000        6.2188973612674392        5.9206471078188478       0.29825025344859135     
   343.00000000000000        6.1264419558991161        5.8319587669644797       0.29448318893463643     
   343.50000000000000        6.0353591390096915        5.7445971424400870       0.29076199656960444     
   344.00000000000000        5.9456285902394139        5.6585424407360740       0.28708614950333988     
   344.50000000000000        5.8572302883763827        5.5737751620621214       0.28345512631426129     
   345.00000000000000        5.7701445070022981        5.4902760960357568       0.27986841096654125     
   345.50000000000000        5.6843518102002166        5.4080263174328120       0.27632549276740459     
   346.00000000000000        5.5998330483232737        5.3270071819989067       0.27282586632436701     
   346.50000000000000        5.5165693538236598        5.2472003223211372       0.26936903150252256     
   347.00000000000000        5.4345421371411025        5.1685876437591363       0.26595449338196619     
   347.50000000000000        5.3537330826498897        5.0911513204346912       0.26258176221519847     
   348.00000000000000        5.2741241446637055        5.0148737912791130       0.25925035338459246     
   348.50000000000000        5.1956975434975963        4.9397377561375668       0.25595978736002944     
   349.00000000000000        5.1184357615861034        4.8657261719295706       0.25270958965653278     
   349.50000000000000        5.0423215396568892        4.7928222488648906       0.24949929079199862     
   350.00000000000000        4.9673378729591802        4.7210094467140680       0.24632842624511220     
   350.50000000000000        4.8934680075461001        4.6502714711328181       0.24319653641328198     
   351.00000000000000        4.8206954366102561        4.5805922700395545       0.24010316657070163     
   351.50000000000000        4.7490038968719110        4.5119560300453045       0.23704786682660650     
   352.00000000000000        4.6783773650188616        4.4443471729352835       0.23403019208357811     
   352.50000000000000        4.6088000541973999        4.3777503522014101       0.23104970199598984     
   353.00000000000000        4.5402564105537202        4.3121504496250553       0.22810596092866486     
   353.50000000000000        4.4727311098249167        4.2475325719093169       0.22519853791559985     
   354.00000000000000        4.4062090539790253        4.1838820473601404       0.22232700661888494     
   354.50000000000000        4.3406753679033292        4.1211844226155874       0.21949094528774182     
   355.00000000000000        4.2761153961403844        4.0594254594225907       0.21668993671779369     
   355.50000000000000        4.2125146996709626        3.9985911314605249       0.21392356821043768     
   356.00000000000000        4.1498590527433210        3.9386676212109326       0.21119143153238840     
   356.50000000000000        4.0881344397482282        3.8796413168727644       0.20849312287546384     
   357.00000000000000        4.0273270521389790        3.8214988093224873       0.20582824281649170     
   357.50000000000000        3.9674232853958267        3.7642268891184347       0.20319639627739194     
   358.00000000000000        3.9084097360342862        3.7078125435487683       0.20059719248551788     
   358.50000000000000        3.8502731986565726        3.6522429537224435       0.19803024493412913     
   359.00000000000000        3.7930006630456172        3.5975054917025653       0.19549517134305194     
   359.50000000000000        3.7365793113011554        3.5435877176815405       0.19299159361961493     
   360.00000000000000        3.6809965150171418        3.4904773771974313       0.19051913781971042     
   360.50000000000000        3.6262398325000085        3.4381623983909289       0.18807743410907962     
   361.00000000000000        3.5722970060272212        3.3866308893023689       0.18566611672485234     
   361.50000000000000        3.5191559591454742        3.3358711352082260       0.18328482393724821     
   362.00000000000000        3.4668047940080093        3.2858715959965195       0.18093319801148988     
   362.50000000000000        3.4152317887505799        3.2366209035805840       0.17861088516999590     
   363.00000000000000        3.3644253949053819        3.1881078593506551       0.17631753555472685     
   363.50000000000000        3.3143742348525000        3.1403214316627333       0.17405280318976679     
   364.00000000000000        3.2650670993083684        3.0932507533641957       0.17181634594417261     
   364.50000000000000        3.2164929448506352        3.0468851193556303       0.16960782549500486     
