   0.0000000000000000        198.00000000000000        198.00000000000000        0.0000000000000000     
  0.50000000000000000        200.85261267630881        200.83226340368307        2.0349272625736603E-002
   1.0000000000000000        203.74428201196733        203.70304280264494        4.1239209322384340E-002
   1.5000000000000000        206.67548361521230        206.61280449595199        6.2679119260309335E-002
   2.0000000000000000        209.64669717085516        209.56201877199763        8.4678398857533921E-002
   2.5000000000000000        212.65840642312838        212.55115989267503       0.10724653045335231     
   3.0000000000000000        215.71109915652346        215.58070607563758       0.13039308088588086     
   3.5000000000000000        218.80526717456175        218.65113947459082       0.15412769997092823     
   4.0000000000000000        221.94140627643773        221.76294615755947       0.17846011887826307     
   4.5000000000000000        225.12001623147557        224.91661608307200       0.20340014840357412     
   5.0000000000000000        228.34160075133741        228.11264307420447       0.22895767713293935     
   5.5000000000000000        231.60666745992103        231.35152479042441       0.25514266949662101     
   6.0000000000000000        234.91572786088500        234.63376269717529       0.28196516370971381     
   6.5000000000000000        238.26929730273682        237.95986203314064       0.30943526959617884     
   7.0000000000000000        241.66789494142105        241.33033177512681       0.33756316629424532     
   7.5000000000000000        245.11204370034119        244.74568460050216       0.36635909983903048     
   8.0000000000000000        248.60227022775081        248.20643684713022       0.39583338062058715     
   8.5000000000000000        252.13910485144686        251.71310847073346       0.42599638071339996     
   9.0000000000000000        255.72308153069872        255.26622299962366       0.45685853107505636     
   9.5000000000000000        259.35473780534539        258.86630748673457       0.48843031861082409     
   10.000000000000000        263.03461474199287        262.51389245889163       0.52072228310123592     
   10.500000000000000        266.76325687724290        266.20951186325334       0.55374501398955545     
   11.000000000000000        270.54121215788462        269.95370301085813       0.58750914702648060     
   11.500000000000000        274.36903187797901        273.74700651721037       0.62202536076864590     
   12.000000000000000        278.24727061276752        277.58996623983870       0.65730437292882016     
   12.500000000000000        282.17648614933285        281.48312921275931       0.69335693657353659     
   13.000000000000000        286.15723941394373        285.42704557777677       0.73019383616696132     
   13.500000000000000        290.19009439601189        289.42226851255492       0.76782588345696468     
   14.000000000000000        294.27561806859001        293.46935415538945       0.80626391320055291     
   14.500000000000000        298.41438030534152        297.56886152661446       0.84551877872706882     
   15.000000000000000        302.60695379390978        301.72135244657488       0.88560134733489804     
   15.500000000000000        306.85391394561657        305.92739145009648       0.92652249552008925     
   16.000000000000000        311.15583880141946        310.18754569738536       0.96829310403410318     
   16.500000000000000        315.51330893405702        314.50238488128912        1.0109240527679049     
   17.000000000000000        319.92690734631191        318.87248113085207        1.0544262154598414     
   17.500000000000000        324.39721936532254        323.29840891109683        1.0988104542257133     
   18.000000000000000        328.92483253287281        327.78074491896507        1.1440876139077432     
   18.500000000000000        333.51033649159172        332.32006797535109        1.1902685162406215     
   19.000000000000000        338.15432286699530        336.91695891316186        1.2373639538334373     
   19.500000000000000        342.85738514530129        341.57200046133795        1.2853846839633434     
   20.000000000000000        347.62011854695277        346.28577712477073        1.3343414221820353     
   20.500000000000000        352.44311989578159        351.05887506005132        1.3842448357302715     
   21.000000000000000        357.32698748375049        355.89188194698880        1.4351055367616823     
   21.500000000000000        362.27232093120671        360.78538685583487        1.4869340753718348     
   22.000000000000000        367.27972104258788        365.73998011015448        1.5397409324334035     
   22.500000000000000        372.34978965751668        370.75625314528219        1.5935365122344933     
   23.000000000000000        377.48312949722708        375.83479836230589        1.6483311349211931     
   23.500000000000000        382.68034400626215        380.97620897752108        1.7041350287410637     
   24.000000000000000        387.94203718938905        386.18107886729956        1.7609583220894933     
   24.500000000000000        393.26881344367638        391.45000240831968        1.8188110353567026     
   25.000000000000000        398.66127738568122        396.78357431310519        1.8777030725760255     
   25.500000000000000        404.12003367369681        402.18238946082352        1.9376442128732947     
   26.000000000000000        409.64568682501283        407.64704272329470        1.9986441017181278     
   26.500000000000000        415.23884102814225        413.17812878616616        2.0607122419760913     
   27.000000000000000        420.90009994997416        418.77624196520912        2.1238579847650385     
   27.500000000000000        426.63006653781048        424.44197601769633        2.1880905201141445     
   28.000000000000000        432.42934281625065        430.17592394882274        2.2534188674279108     
   28.500000000000000        438.29852967889173        435.97867781313386        2.3198518657578688     
   29.000000000000000        444.23822667481068        441.85082851092920        2.3873981638814712     
   29.500000000000000        450.24903178980452        447.79296557961158        2.4560662101929438     
   30.000000000000000        456.33154122236277        453.80567697995650        2.5258642424062714     
   30.500000000000000        462.48634915435389        459.88954887727868        2.5968002770752037     
   31.000000000000000        468.71404751640881        466.04516541747711        2.6688820989317037     
   31.500000000000000        475.01522574799094        472.27310849794310        2.7421172500478406     
   32.000000000000000        481.39047055214462        478.57395753332082        2.8165130188237981     
   32.500000000000000        487.84036564491936        484.94828921611219        2.8920764288071723     
   33.000000000000000        494.36549149947228        491.39667727212446        2.9688142273478206     
   33.500000000000000        500.96642508485428        497.91969221076124        3.0467328740930384     
   34.000000000000000        507.64373959949347        504.51790107016416        3.1258385293293145     
   34.500000000000000        514.39800419939070        511.19186715721543        3.2061370421752713     
   35.000000000000000        521.22978372105251        517.94214978241860        3.2876339386339168     
   35.500000000000000        528.13963839918574        524.76930398967806        3.3703344095076773     
   36.000000000000000        535.12812357919347        531.67388028100413        3.4542432981893398     
   36.500000000000000        542.19578942450460        538.65642433617700        3.5393650883275996     
   37.000000000000000        549.34318061879139        545.71747672740651        3.6257038913848874     
   37.500000000000000        556.57083606312131        552.85757262903235        3.7132634340889581     
   38.000000000000000        563.87928856810447        560.07724152231503        3.8020470457894362     
   38.500000000000000        571.26906454110519        567.37700689537326        3.8920576457319385     
   39.000000000000000        578.74068366858432        574.75738593833171        3.9832977302526160     
   39.500000000000000        586.29465859366042        582.21888923374820        4.0757693599122149     
   40.000000000000000        593.93149458896869        589.76202044239596        4.1694741465727247     
   40.500000000000000        601.65168922491978        597.38727598448611        4.2644132404336688     
   41.000000000000000        609.45573203345566        605.09514471641864        4.3605873170370160     
   41.500000000000000        617.34410416741650        612.88610760316192        4.4579965642545858     
   42.000000000000000        625.31727805563366        620.76063738636446        4.5566406692691999     
   42.500000000000000        633.37571705387893        628.71919824831252        4.6565188055664066     
   43.000000000000000        641.51987509179969        636.76224547185438        4.7576296199453054     
   43.500000000000000        649.75019631599002        644.89022509641995        4.8599712195700704     
   44.000000000000000        658.06711472934171        653.10357357027203        4.9635411590696776     
   44.500000000000000        666.47105382684208        661.40271739913499        5.0683364277070950     
   45.000000000000000        674.96242622798388        669.78807279135322        5.1743534366306676     
   45.500000000000000        683.54163330596839        678.26004529974171        5.2815880062266842     
   46.000000000000000        692.20906481388442        686.81902946029902        5.3900353535854038     
   46.500000000000000        700.96509850806626        695.46540842796117        5.4996900801050970     
   47.000000000000000        709.81009976882910        704.19955360958420        5.6105461592449046     
   47.500000000000000        718.74442121880145        713.02182429435277        5.7225969244486805     
   48.000000000000000        727.76840233907694        721.93256728181825        5.8358350572586914     
   48.500000000000000        736.88236908341798        730.93211650778278        5.9502525756352043     
   49.000000000000000        746.08663349075766        740.02079266825069        6.0658408225069707     
   49.500000000000000        755.38149329624594        749.19890284168105        6.1825904545648882     
   50.000000000000000        764.76723154110948        758.46674010978154        6.3004914313279414     
   50.500000000000000        774.24411618158865        767.82458317709438        6.4195330044942693     
   51.000000000000000        783.81239969723754        777.27269598963426        6.5397037076032802     
   51.500000000000000        793.47231869887366        786.81132735284552        6.6609913460281405     
   52.000000000000000        803.22409353647697        796.44071054915639        6.7833829873205786     
   52.500000000000000        813.06792790734653        806.16106295541681        6.9068649519297196     
   53.000000000000000        823.00400846483069        815.97258566051448        7.0314228043162075     
   53.500000000000000        833.03250442795922        825.87546308347237        7.1570413444868564     
   54.000000000000000        843.15356719230670        835.86986259234095        7.2837045999657448     
   54.500000000000000        853.36732994243857        845.95593412420544        7.4113958182331316     
   55.000000000000000        863.67390726628253        856.13380980663658        7.5400974596459491     
   55.500000000000000        874.07339477179198        866.40360358092335        7.6697911908686365     
   56.000000000000000        884.56586870626620        876.76541082743222        7.8004578788339813     
   56.500000000000000        895.15138557870137        887.21930799344534        7.9320775852560246     
   57.000000000000000        905.82998178556090        897.76535222383927        8.0646295617216310     
   57.500000000000000        916.60167324034694        908.40358099497109        8.1980922453758467     
   58.000000000000000        927.46645500737804        919.13401175214699        8.3324432552310554     
   58.500000000000000        938.42430094017038        929.95664155105453        8.4676593891158518     
   59.000000000000000        949.47516332483553        940.87144670354689        8.6037166212886405     
   59.500000000000000        960.61897252890833        951.87838242817179        8.7405901007365401     
   60.000000000000000        971.85563665602501        962.97738250584575        8.8782541501792593     
   60.500000000000000        983.18504120687862        974.16835894107817        9.0166822658004548     
   61.000000000000000        994.60704874687883        985.45120162915373        9.1558471177251022     
   61.500000000000000        1006.1214985809534        996.82577802968876        9.2957205512645942     
   62.000000000000000        1017.7282064359234        1008.2919328469786        9.4362735889448004     
   62.500000000000000        1029.4269641508979        1019.8494877175578        9.5774764333400526     
   63.000000000000000        1041.2175393761245        1031.4982409053980        9.7192984707264714     
   63.500000000000000        1053.0996752807443        1043.2379670051691        9.8617082755752108     
   64.000000000000000        1065.0730902698938        1055.0684166539954        10.004673615898355     
   64.500000000000000        1077.1374777115996        1066.9893162521344        10.148161459465200     
   65.000000000000000        1089.2925056739141        1079.0003676930103        10.292137980903817     
   65.500000000000000        1101.5378166727310        1091.1012481030350        10.436568569695964     
   66.000000000000000        1113.8730274307304        1103.2916095916451        10.581417839085361     
   66.500000000000000        1126.2977286478924        1115.5710790119865        10.726649635905915     
   67.000000000000000        1138.8114847840129        1127.9392577326744        10.872227051338541     
   67.500000000000000        1151.4138338536654        1140.3957214210538        11.018112432611588     
   68.000000000000000        1164.1042872340297        1152.9400198383853        11.164267395644401     
   68.500000000000000        1176.8823294860201        1165.5716766473706        11.310652838649503     
   69.000000000000000        1189.7474181891271        1178.2901892324383        11.457228956688823     
   69.500000000000000        1202.6989837903898        1191.0950285331937        11.603955257196048     
   70.000000000000000        1215.7364294679001        1203.9856388914386        11.750790576461441     
   70.500000000000000        1228.8591310092397        1216.9614379121567        11.897693097082993     
   71.000000000000000        1242.0664367052357        1230.0218163388540        12.044620366381650     
   71.500000000000000        1255.3576672594131        1243.1661379436339        12.191529315779235     
   72.000000000000000        1268.7321157135123        1256.3937394323798        12.338376281132469     
   72.500000000000000        1282.1890473894273        1269.7039303654062        12.485117024021065     
   73.000000000000000        1295.7276998479115        1283.0959930939298        12.631706753981689     
   73.500000000000000        1309.3472828643742        1296.5691827126998        12.778100151674380     
   74.000000000000000        1323.0469784220932        1310.1227270291165        12.924251392976657     
   74.500000000000000        1336.8259407231428        1323.7558265491516        13.070114173991215     
   75.000000000000000        1350.6832962173203        1337.4676544803715        13.215641736948783     
   75.500000000000000        1364.6181436493446        1351.2573567523505        13.360786896994114     
   76.000000000000000        1378.6295541245845        1365.1240520547451        13.505502069839395     
   76.500000000000000        1392.7165711935427        1379.0668318932849        13.649739300257806     
   77.000000000000000        1406.8782109553215        1393.0847606639184        13.793450291403133     
   77.500000000000000        1421.1134621802619        1407.1768757453353        13.936586434926539     
   78.000000000000000        1435.4212864519432        1421.3421876100683        14.079098841874838     
   78.500000000000000        1449.8006183286843        1435.5796799543596        14.220938374324760     
   79.000000000000000        1464.2503655247046        1449.8883098469546        14.362055677750050     
   79.500000000000000        1478.7694091110391        1464.2670078969720        14.502401214067049     
   80.000000000000000        1493.3566037363144        1478.7146784409692        14.641925295345118     
   80.500000000000000        1508.0107778674433        1493.2301997493109        14.780578118132325     
   81.000000000000000        1522.7307340502948        1507.8124242519177        14.918309798377095     
   81.500000000000000        1537.5152491903534        1522.4601787834570        15.055070406896448     
   82.000000000000000        1552.3630748533647        1537.1722648480104        15.190810005354251     
   82.500000000000000        1567.2729375859490        1551.9474589032300        15.325478682718995     
   83.000000000000000        1582.2435392561181        1566.7845126639731        15.459026592144937     
   83.500000000000000        1597.2735574136286        1581.6821534253816        15.591403988247066     
   84.000000000000000        1612.3616456700577        1596.6390844053428        15.722561264714841     
   84.500000000000000        1627.5064340984811        1611.6539851062532        15.852448992227892     
   85.000000000000000        1642.7065296525943        1626.7255116959700        15.981017956624328     
   85.500000000000000        1657.9605166050883        1641.8522974078214        16.108219197266862     
   86.000000000000000        1673.2669570050844        1657.0329529595128        16.234004045571510     
   86.500000000000000        1688.6243911543831        1672.2660669907455        16.358324163637690     
   87.000000000000000        1704.0313381022725        1687.5502065193371        16.481131582935404     
   87.500000000000000        1719.4862961586025        1702.8839174156085        16.602378742994006     
   88.000000000000000        1734.9877434248194        1718.2657248947753        16.722018530044124     
   88.500000000000000        1750.5341383426198        1733.6941340270575        16.840004315562282     
   89.000000000000000        1766.1239202598526        1749.1676302651965        16.956289994656117     
   89.500000000000000        1781.7555100132881        1764.6846799890407        17.070830024247471     
   90.000000000000000        1797.4273105278353        1780.2437310668413        17.183579460993997     
   90.500000000000000        1813.1377074317681        1795.8432134328696        17.294493998898588     
   91.000000000000000        1828.8850696874974        1811.4815396809474        17.403530006550000     
   91.500000000000000        1844.6677502374005        1827.1571056734567        17.510644563943742     
   92.000000000000000        1860.4840866642012        1842.8682911653711        17.615795498830039     
   92.500000000000000        1876.3324018653668        1858.6134604428312        17.718941422535636     
   93.000000000000000        1892.2110047409653        1874.3909629757597        17.820041765205588     
   93.500000000000000        1908.1181908944102        1890.1991340839970        17.919056810413167     
   94.000000000000000        1924.0522433455021        1906.0362956164086        18.015947729093568     
   94.500000000000000        1940.0114332551423        1921.9007566424041        18.110676612738189     
   95.000000000000000        1955.9940206610968        1937.7908141552825        18.203206505814251     
   95.500000000000000        1971.9982552241515        1953.7047537868027        18.293501437348823     
   96.000000000000000        1988.0223769840020        1969.6408505323579        18.381526451644049     
   96.500000000000000        2004.0646171241781        1985.5973694861200        18.467247638058097     
   97.000000000000000        2020.1231987453277        2001.5725665854982        18.550632159829547     
   97.500000000000000        2036.1963376461354        2017.5646893642479        18.631648281887465     
   98.000000000000000        2052.2822431111517        2033.5719777135466        18.710265397605099     
   98.500000000000000        2068.3791187048128        2049.5926646503422        18.786454054470596     
   99.000000000000000        2084.4851630708868        2065.6249770922695        18.860185978617210     
   99.500000000000000        2100.5985707366185        2081.6671366384180        18.931434098200498     
   100.00000000000000        2116.7175329207817        2097.7173603552214        19.000172565560206     
   100.50000000000000        2132.8402383449006        2113.7738615667413        19.066376778159338     
   101.00000000000000        2148.9648740468547        2129.8348506485945        19.130023398260164     
   101.50000000000000        2165.0896261960852        2145.8985358247837        19.191090371301470     
   102.00000000000000        2181.2126809096376        2161.9631239666746        19.249556942962954     
   102.50000000000000        2197.3322250682554        2178.0268213933623        19.305403674893114     
   103.00000000000000        2213.4464471317410        2194.0878346726722        19.358612459068809     
   103.50000000000000        2229.5535379528051        2210.1443714220309        19.409166530774201     
   104.00000000000000        2245.6516915886364        2226.1946411084514        19.457050480184989     
   104.50000000000000        2261.7391061094099        2242.2368558468706        19.502250262539292     
   105.00000000000000        2277.8139844029720        2258.2692311960841        19.544753206887890     
   105.50000000000000        2293.8745349749320        2274.2899869515272        19.584548023404750     
   106.00000000000000        2309.9189727434195        2290.2973479341540        19.621624809265541     
   106.50000000000000        2325.9455198277551        2306.2895447746723        19.655975053082784     
   107.00000000000000        2341.9524063302915        2322.2648146924025        19.687591637889000     
   107.50000000000000        2357.9378711107174        2338.2214022680337        19.716468842683753     
   108.00000000000000        2373.9001625520996        2354.1575602095636        19.742602342535974     
   108.50000000000000        2389.8375393179658        2370.0715501107161        19.765989207249731     
   109.00000000000000        2405.7482710997515        2385.9616432011417        19.786627898609822     
   109.50000000000000        2421.6306393539317        2401.8261210877281        19.804518266203559     
   110.00000000000000        2437.4829380281903        2417.6632764863471        19.819661541843288     
   110.50000000000000        2453.3034742759960        2433.4714139433918        19.832060332604215     
   111.00000000000000        2469.0905691589564        2449.2488505464707        19.841718612485693     
   111.50000000000000        2484.8425583363655        2464.9939166236377        19.848641712727840     
   112.00000000000000        2500.5577927413619        2480.7049564305612        19.852836310800740     
   112.50000000000000        2516.2346392431327        2496.3803288250497        19.854310418083060     
   113.00000000000000        2531.8714812946437        2512.0184079283736        19.853073366270110     
   113.50000000000000        2547.4667195653751        2527.6175837728415        19.849135792533616     
   114.00000000000000        2563.0187725585643        2543.1762629351128        19.842509623451406     
   114.50000000000000        2578.5260772125075        2558.6928691547437        19.833208057763841     
   115.00000000000000        2593.9870894854621        2574.1658439374974        19.821245547964736     
   115.50000000000000        2609.4002849237404        2589.5936471429577        19.806637780782694     
   116.00000000000000        2624.7641592125951        2604.9747575560236        19.789401656571499     
   116.50000000000000        2640.0772287095342        2620.3076734418723        19.769555267661872     
   117.00000000000000        2655.3380309597246        2635.5909130840132        19.747117875711410     
   117.50000000000000        2670.5451251931581        2650.8230153050740        19.722109888084105     
   118.00000000000000        2685.6970928032997        2666.0025399699871        19.694552833312628     
   118.50000000000000        2700.7925378069494        2681.1280684712701        19.664469335679314     
   119.00000000000000        2715.8300872850823        2696.1982041961155        19.631883088966788     
   119.50000000000000        2730.8083918044472        2711.2115729750376        19.596818829409585     
   120.00000000000000        2745.7261258197509        2726.1668235118427        19.559302307908183     
   120.50000000000000        2760.5819880562617        2741.0626277947204        19.519360261541351     
   121.00000000000000        2775.3747018726986        2755.8976814882722        19.477020384426396     
   121.50000000000000        2790.1030156043007        2770.6707043063293        19.432311297971410     
   122.00000000000000        2804.7657028859976        2785.3804403654267        19.385262520570905     
   122.50000000000000        2819.3615629556239        2800.0256585188322        19.335904436791679     
   123.00000000000000        2833.8894209371433        2814.6051526710521        19.284268266091203     
   123.50000000000000        2848.3481281038839        2829.1177420727618        19.230386031122180     
   124.00000000000000        2862.7365621217955        2843.5622715961276        19.174290525667857     
   124.50000000000000        2877.0536272727818        2857.9376119905237        19.116015282258104     
   125.00000000000000        2891.2982546581593        2872.2426601186548        19.055594539504455     
   125.50000000000000        2905.4694023823440        2886.4763391731331        18.993063209210959     
   126.00000000000000        2919.5660557168776        2900.6375988735726        18.928456843304957     
   126.50000000000000        2933.5872272449169        2914.7254156442905        18.861811600626424     
   127.00000000000000        2947.5319569863518        2928.7387927727227        18.793164213629098     
   127.50000000000000        2961.3993125037182        2942.6767605486884        18.722551955029758     
   128.00000000000000        2975.1883889891133        2956.5383763846548        18.650012604458425     
   128.50000000000000        2988.8983093323141        2970.3227249171705        18.575584415143567     
   129.00000000000000        3002.5282241703417        2984.0289180896671        18.499306080674614     
   129.50000000000000        3016.0773119187211        2997.6560952168306        18.421216701890444     
   130.00000000000000        3029.5447787847042        3011.2034230307781        18.341355753926109     
   130.50000000000000        3042.9298587627363        3024.6700957092844        18.259763053451934     
   131.00000000000000        3056.2318136124759        3038.0553348863177        18.176478726158166     
   131.50000000000000        3069.4499328196762        3051.3583896451696        18.091543174506569     
   132.00000000000000        3082.5835335402521        3064.5785364944682        18.004997045783966     
   132.50000000000000        3095.6319605278932        3077.7150793273840        17.916881200509124     
   133.00000000000000        3108.5945860455513        3090.7673493643556        17.827236681195700     
   133.50000000000000        3121.4708097611983        3103.7347050796625        17.736104681535835     
   134.00000000000000        3134.2600586281997        3116.6165321121971        17.643526516002566     
   134.50000000000000        3146.9617867507236        3129.4122431607962        17.549543589927453     
   135.00000000000000        3159.5754752345456        3142.1212778644954        17.454197370050224     
   135.50000000000000        3172.1006320236920        3154.7431026680906        17.357529355601400     
   136.00000000000000        3184.5367917232975        3167.2772106733914        17.259581049906046     
   136.50000000000000        3196.8835154091216        3179.7231214765648        17.160393932556872     
   137.00000000000000        3209.1403904241383        3192.0803809919689        17.060009432169409     
   137.50000000000000        3221.3070301626253        3204.3485612628924        16.958468899732907     
   138.00000000000000        3233.3830738421907        3216.5272602596092        16.855813582581504     
   138.50000000000000        3245.3681862641861        3228.6161016651740        16.752084599012051     
   139.00000000000000        3257.2620575629171        3240.6147346493840        16.647322913533117     
   139.50000000000000        3269.0644029441337        3252.5228336313312        16.541569312802494     
   140.00000000000000        3280.7749624132098        3264.3400980309852        16.434864382224532     
   140.50000000000000        3292.3935004934788        3276.0662520102310        16.327248483247786     
   141.00000000000000        3303.9198059351629        3287.7010442038068        16.218761731356153     
   141.50000000000000        3315.3536914153456        3299.2442474405734        16.109443974772148     
   142.00000000000000        3326.6949932294201        3310.6956584555519        15.999334773868213     
   142.50000000000000        3337.9435709744776        3322.0550975931683        15.888473381309268     
   143.00000000000000        3349.0993072250521        3333.3224085021402        15.776898722911938     
   143.50000000000000        3360.1621072016715        3344.4974578224387        15.664649379232742     
   144.00000000000000        3371.1318984326540        3355.5801348647574        15.551763567896614     
   144.50000000000000        3382.0086304095630        3366.5703512829164        15.438279126646648     
   145.00000000000000        3392.7922742367691        3377.4680407396322        15.324233497136902     
   145.50000000000000        3403.4828222755159        3388.2731585660690        15.209663709446886     
   146.00000000000000        3414.0802877829228        3398.9856814155933        15.094606367329561     
   146.50000000000000        3424.5847045463356        3409.6056069121437        14.979097634191930     
   147.00000000000000        3434.9961265134107        3420.1329532936256        14.863173219785040     
   147.50000000000000        3445.3146274183528        3430.5677590507316        14.746868367621119     
   148.00000000000000        3455.5403004046861        3440.9100825615856        14.630217843100581     
   148.50000000000000        3465.6732576449385        3451.1600017226001        14.513255922338431     
   149.00000000000000        3475.7136299576259        3461.3176135759322        14.396016381693698     
   149.50000000000000        3485.6615664219025        3471.3830339339138        14.278532487988741     
   150.00000000000000        3495.5172339902279        3481.3563970008267        14.160836989401105     
   150.50000000000000        3505.2808170994153        3491.2378549923851        14.042962107030235     
   151.00000000000000        3514.9525172804092        3501.0275777532784        13.924939527130846     
   151.50000000000000        3524.5325527671034        3510.7257523731223        13.806800393981121     
   152.00000000000000        3534.0211581045605        3520.3325828011584        13.688575303402104     
   152.50000000000000        3543.4185837569244        3529.8482894600274        13.570294296896918     
   153.00000000000000        3552.7250957153442        3539.2731088589435        13.451986856400708     
   153.50000000000000        3561.9409751062176        3548.6072932065767        13.333681899640851     
   154.00000000000000        3571.0665178000272        3557.8511100239521        13.215407776075153     
   154.50000000000000        3580.1020340210644        3567.0048417576586        13.097192263405759     
   155.00000000000000        3589.0478479583139        3576.0687853936533        12.979062564660580     
   155.50000000000000        3597.9042973777509        3585.0432520719405        12.861045305810421     
   156.00000000000000        3606.6717332363114        3593.9285667023892        12.743166533922249     
   156.50000000000000        3615.3505192977846        3602.7250675819528        12.625451715831787     
   157.00000000000000        3623.9410317508487        3611.4331060135360        12.507925737312689     
   157.50000000000000        3632.4436588294875        3620.0530459267525        12.390612902735029     
   158.00000000000000        3640.8588004360004        3628.5852635008014        12.273536935198990     
   158.50000000000000        3649.1868677668067        3637.0301467896888        12.156720977117857     
   159.00000000000000        3657.4282829412496        3645.3880953500006        12.040187591248923     
   159.50000000000000        3665.5834786335877        3653.6595198714381        11.923958762149596     
   160.00000000000000        3673.6528977083412        3661.8448418103039        11.808055898037310     
   160.50000000000000        3681.6369928591862        3669.9444930261288        11.692499833057354     
   161.00000000000000        3689.5362262515337        3677.9589154216128        11.577310829920862     
   161.50000000000000        3697.3510691689594        3685.8885605860519        11.462508582907503     
   162.00000000000000        3705.0820016636362        3693.7338894424061        11.348112221230167     
   162.50000000000000        3712.7295122108826        3701.4953718981633        11.234140312719319     
   163.00000000000000        3720.2940973679747        3709.1734865001386        11.120610867836149     
   163.50000000000000        3727.7762614373351        3716.7687200933428        11.007541343992216     
   164.00000000000000        3735.1765161342032        3724.2815674840499        10.894948650153310     
   164.50000000000000        3742.4953802589043        3731.7125311071763        10.782849151727987     
   165.00000000000000        3749.7333793737948        3739.0621206980850        10.671258675709851     
   165.50000000000000        3756.8910454849915        3746.3308529689152        10.560192516076313     
   166.00000000000000        3763.9689167289512        3753.5192512895351        10.449665439416094     
   166.50000000000000        3770.9675370639820        3760.6278453732002        10.339691690781819     
   167.00000000000000        3777.8874559667483        3767.6571709670020        10.230284999746345     
   167.50000000000000        3784.7292281338337        3774.6077695471758        10.121458586657809     
   168.00000000000000        3791.4934131884156        3781.4801880193404        10.013225169075213     
   168.50000000000000        3798.1805753920903        3788.2749784237185        9.9055969683718104     
   169.00000000000000        3804.7912833619016        3794.9926976454035        9.7985857164981098     
   169.50000000000000        3811.3261097925997        3801.6339071297084        9.6922026628913045     
   170.00000000000000        3817.7856311841560        3808.1991726026431        9.5864585815129431     
   170.50000000000000        3824.1704275745719        3814.6890637965548        9.4813637780171121     
   171.00000000000000        3830.4810822779782        3821.1041541809573        9.3769280970209365     
   171.50000000000000        3836.7181816280590        3827.4450206985739        9.2731609294851296     
   172.00000000000000        3842.8823147267890        3833.7122435066121        9.1700712201768511     
   172.50000000000000        3848.9740731985003        3839.9064057232836        9.0676674752166946     
   173.00000000000000        3854.9940509492690        3846.0280931795737        8.9659577696952510     
   173.50000000000000        3860.9428439316180        3852.0778941762674        8.8649497553506080     
   174.00000000000000        3866.8210499145212        3858.0563992462257        8.7646506682954168     
   174.50000000000000        3872.6292682587004        3863.9642009219110        8.6650673367894342     
   175.00000000000000        3878.3680996971898        3869.8018935081450        8.5662061890448058     
   175.50000000000000        3884.0381461211464        3875.5700728600900        8.4680732610563609     
   176.00000000000000        3889.6400103708820        3881.2693361664301        8.3706742044519160     
   176.50000000000000        3895.1742960320839        3886.9002817377350        8.2740142943489445     
   177.00000000000000        3900.6416072371926        3892.4635087999736        8.1780984372189778     
   177.50000000000000        3906.0425484718999        3897.9596172931565        8.0829311787433653     
   178.00000000000000        3911.3777243867253        3903.3892076750653        7.9885167116599405     
   178.50000000000000        3916.6477396136347        3908.7528807300423        7.8948588835924056     
   179.00000000000000        3921.8531985876493        3914.0512373827942        7.8019612048551608     
   179.50000000000000        3926.9947053734008        3919.2848785171732        7.7098268562276644     
   180.00000000000000        3932.0728634965844        3924.4544047998888        7.6184586966955976     
   180.50000000000000        3937.0882757802565        3929.5604165091058        7.5278592711506462     
   181.00000000000000        3942.0415441859182        3934.6035133678788        7.4380308180393513     
   181.50000000000000        3946.9332696593419        3939.5842943823695        7.3489752769723964     
   182.00000000000000        3951.7640519810680        3944.5033576848009        7.2606942962670473     
   182.50000000000000        3956.5344896215206        3949.3613003810851        7.1731892404354767     
   183.00000000000000        3961.2451796006844        3954.1587184030732        7.0864611976112428     
   183.50000000000000        3965.8967173522706        3958.8962063653680        7.0005109869025546     
   184.00000000000000        3970.4896965923176        3963.5743574266389        6.9153391656786880     
   184.50000000000000        3975.0247091921597        3968.1937631553787        6.8309460367809152     
   185.00000000000000        3979.5023450556914        3972.7550134000385        6.7473316556529426     
   185.50000000000000        3983.9231920008742        3977.2586961634784        6.6644958373958616     
   186.00000000000000        3988.2878356454039        3981.7053974816699        6.5824381637339684     
   186.50000000000000        3992.5968592964796        3986.0957013065818        6.5011579898978198     
   187.00000000000000        3996.8508438446015        3990.4301893931847        6.4206544514167945     
   187.50000000000000        4001.0503676613343        3994.7094411905091        6.3409264708252522     
   188.00000000000000        4005.1960065009525        3998.9340337366848        6.2619727642677390     
   188.50000000000000        4009.2883334059184        4003.1045415578965        6.1837918480218832     
   189.00000000000000        4013.3279186160994        4007.2215365711863        6.1063820449130617     
   189.50000000000000        4017.3153294816711        4011.2855879910335        6.0297414906376616     
   190.00000000000000        4021.2511303796309        4015.2972622396410        5.9538681399899360     
   190.50000000000000        4025.1358826338433        4019.2571228608622        5.8787597729810841     
   191.00000000000000        4028.9701444385605        4023.1657304376940        5.8044140008664726     
   191.50000000000000        4032.7544707853340        4027.0236425132694        5.7308282720646275     
   192.00000000000000        4036.4894133932526        4030.8314135152791        5.6579998779734524     
   192.50000000000000        4040.1755206424414        4034.5895946837509        5.5859259586904955     
   193.00000000000000        4043.8133375107391        4038.2987340021195        5.5146035086195297     
   193.50000000000000        4047.4034055134966        4041.9593761315150        5.4440293819816361     
   194.00000000000000        4050.9462626464178        4045.5720623482021        5.3742002982157828     
   194.50000000000000        4054.4424433313829        4049.1373304841004        5.3051128472825440     
   195.00000000000000        4057.8924783651732        4052.6557148703196        5.2367634948536761     
   195.50000000000000        4061.2968948710436        4056.1277462836370        5.1691485874066530     
   196.00000000000000        4064.6562162530618        4059.5539518958535        5.1022643572082416     
   196.50000000000000        4067.9709621531601        4062.9348552259589        5.0361069272012173     
   197.00000000000000        4071.2416484108207        4066.2709760950406        4.9706723157801207     
   197.50000000000000        4074.4687870253392        4069.5628305838695        4.9059564414696979     
   198.00000000000000        4077.6528861205943        4072.8109309930960        4.8419551274982950     
   198.50000000000000        4080.7944499122650        4076.0157858059947        4.7786641062702984     
   199.00000000000000        4083.8939786774263        4079.1778996536896        4.7160790237367110     
   199.50000000000000        4086.9519687264647        4082.2977732827985        4.6541954436661399     
   200.00000000000000        4089.9689123772487        4085.3759035254338        4.5930088518148295     
   200.50000000000000        4092.9452979314960        4088.4127832714971        4.5325146599989239     
   201.00000000000000        4095.8816096532746        4091.4089014432043        4.4727082100703228     
   201.50000000000000        4098.7783277495764        4094.3647429717862        4.4135847777902200     
   202.00000000000000        4101.6359283529118        4097.2807887762992        4.3551395766126006     
   202.50000000000000        4104.4548835058586        4100.1575157444895        4.2973677613690597     
   203.00000000000000        4107.2356611475143        4102.9953967156516        4.2402644318626699     
   203.50000000000000        4109.9787251017942        4105.7949004654292        4.1838246363649887     
   204.00000000000000        4112.6845350675167        4108.5564916924923        4.1280433750243901     
   204.50000000000000        4115.3535466102312        4111.2806310070446        4.0729156031866296     
   205.00000000000000        4117.9862111557177        4113.9677749211014        4.0184362346162743     
   205.50000000000000        4120.5829759851285        4116.6183758404859        3.9646001446426453     
   206.00000000000000        4123.1442842317010        4119.2328820584889        3.9114021732120818     
   206.50000000000000        4125.6705748789955        4121.8117377511471        3.8588371278483464     
   207.00000000000000        4128.1622827606288        4124.3553829740767        3.8068997865520942     
   207.50000000000000        4130.6198385614107        4126.8642536608277        3.7555849005830169     
   208.00000000000000        4133.0436688198861        4129.3387816226932        3.7048871971928747     
   208.50000000000000        4135.4341959321991        4131.7793945499425        3.6548013822566645     
   209.00000000000000        4137.7918381572517        4134.1865160144143        3.6053221428373945     
   209.50000000000000        4140.1170096231008        4136.5605654734381        3.5564441496626387     
   210.00000000000000        4142.4101203345654        4138.9019582750261        3.5081620595392451     
   210.50000000000000        4144.6715761819778        4141.2111056643016        3.4604705176761854     
   211.00000000000000        4146.9017789510626        4143.4884147911116        3.4133641599510156     
   211.50000000000000        4149.1011263338751        4145.7342887187879        3.3668376150872064     
   212.00000000000000        4151.2700119407864        4147.9491264340095        3.3208855067769036     
   212.50000000000000        4153.4088253134505        4150.1333228577278        3.2755024557227443     
   213.00000000000000        4155.5179519387357        4152.2872688571160        3.2306830816196452     
   213.50000000000000        4157.5977732635611        4154.4113512585009        3.1864220050601944     
   214.00000000000000        4159.6486667106265        4156.5059528612383        3.1427138493882012     
   214.50000000000000        4161.6710056949751        4158.5714524525001        3.0995532424749399     
   215.00000000000000        4163.6651596413740        4160.6082248229286        3.0569348184453702     
   215.50000000000000        4165.6314940024567        4162.6166407831297        3.0148532193270512     
   216.00000000000000        4167.5703702776245        4164.5970671809637        2.9733030966608567     
   216.50000000000000        4169.4821460326366        4166.5498669196058        2.9322791130307451     
   217.00000000000000        4171.3671749198948        4168.4753989763385        2.8917759435562402     
   217.50000000000000        4173.2258066993554        4170.3740184220460        2.8517882773094243     
   218.00000000000000        4175.0583872600728        4172.2460764413781        2.8123108186946411     
   218.50000000000000        4176.8652586423159        4174.0919203535523        2.7733382887636253     
   219.00000000000000        4178.6467590602506        4175.9118936337654        2.7348654264851575     
   219.50000000000000        4180.4032229251443        4177.7063359351878        2.6968869899565107     
   220.00000000000000        4182.1349808690757        4179.4755831115026        2.6593977575730605     
   220.50000000000000        4183.8423597691208        4181.2199672399729        2.6223925291478736     
   221.00000000000000        4185.5256827719804        4182.9398166450082        2.5858661269721779     
   221.50000000000000        4187.1852693190458        4184.6354559221945        2.5498133968512775     
   222.00000000000000        4188.8214351718507        4186.3072059627730        2.5142292090777119     
   222.50000000000000        4190.4344924379093        4187.9553839785422        2.4791084593671258     
   223.00000000000000        4192.0247495968988        4189.5803035271483        2.4444460697504837     
   223.50000000000000        4193.5925115271839        4191.1822745377558        2.4102369894280855     
   224.00000000000000        4195.1380795326413        4192.7616033370650        2.3764761955762879     
   224.50000000000000        4196.6617513697765        4194.3185926756532        2.3431586941233036     
   225.00000000000000        4198.1638212751068        4195.8535417546309        2.3102795204758877     
   225.50000000000000        4199.6445799927969        4197.3667462525746        2.2778337402223769     
   226.00000000000000        4201.1043148025183        4198.8584983527307        2.2458164497875259     
   226.50000000000000        4202.5433095475191        4200.3290867704627        2.2142227770564205     
   227.00000000000000        4203.9618446628929        4201.7787967809254        2.1830478819674681     
   227.50000000000000        4205.3601972040115        4203.2079102469461        2.1522869570653711     
   228.00000000000000        4206.7386408751281        4204.6167056470986        2.1219352280295425     
   228.50000000000000        4208.0974460581119        4206.0054581039485        2.0919879541634145     
   229.00000000000000        4209.4368798413134        4207.3744394124551        2.0624404288582809     
   229.50000000000000        4210.7572060485400        4208.7239180685128        2.0332879800271257     
   230.00000000000000        4212.0586852681245        4210.0541592976178        2.0045259705066201     
   230.50000000000000        4213.3415748820789        4211.3654250836444        1.9761497984345624     
   231.00000000000000        4214.6061290953157        4212.6579741977139        1.9481548976018530     
   231.50000000000000        4215.8525989649179        4213.9320622271471        1.9205367377708171     
   232.00000000000000        4217.0812324294538        4215.1879416044785        1.8932908249753382     
   232.50000000000000        4218.2922743383278        4216.4258616365305        1.8664127017973442     
   233.00000000000000        4219.4859664811338        4217.6460685335214        1.8398979476123714     
   233.50000000000000        4220.6625476170248        4218.8488054382087        1.8137421788160282     
   234.00000000000000        4221.8222535040732        4220.0343124550427        1.7879410490304508     
   234.50000000000000        4222.9653169286157        4221.2028266793286        1.7624902492871115     
   235.00000000000000        4224.0919677345719        4222.3545822263823        1.7373855081896181     
   235.50000000000000        4225.2024328527204        4223.4898102606685        1.7126225920519573     
   236.00000000000000        4226.2969363299380        4224.6087390249149        1.6881973050230954     
   236.50000000000000        4227.3756993583802        4225.7115938691841        1.6641054891961176     
   237.00000000000000        4228.4389403045861        4226.7985972799042        1.6403430246818971     
   237.50000000000000        4229.4868747385317        4227.8699689088444        1.6169058296873118     
   238.00000000000000        4230.5197154625885        4228.9259256020214        1.5937898605670853     
   238.50000000000000        4231.5376725403894        4229.9666814285401        1.5709911118492528     
   239.00000000000000        4232.5409533256116        4230.9924477093482        1.5485056162633555     
   239.50000000000000        4233.5297624906507        4232.0034330459075        1.5263294447431690     
   240.00000000000000        4234.5043020551775        4232.9998433487654        1.5044587064121515     
   240.50000000000000        4235.4647714145904        4233.9818818660269        1.4828895485634348     
   241.00000000000000        4236.4113673683350        4234.9497492117134        1.4616181566216255     
   241.50000000000000        4237.3442841481019        4235.9036433940119        1.4406407540900545     
   242.00000000000000        4238.2637134458846        4236.8437598433939        1.4199536024907502     
   242.50000000000000        4239.1698444418989        4237.7702914406136        1.3995530012853123     
   243.00000000000000        4240.0628638323597        4238.6834285445684        1.3794352877912388     
   243.50000000000000        4240.9429558571073        4239.5833590200218        1.3595968370855189     
   244.00000000000000        4241.8103023270733        4240.4702682651805        1.3400340618927657     
   244.50000000000000        4242.6650826515925        4241.3443392391237        1.3207434124688007     
   245.00000000000000        4243.5074738655539        4242.2057524890797        1.3017213764742337     
   245.50000000000000        4244.3376506563773        4243.0546861775410        1.2829644788362202     
   246.00000000000000        4245.1557853908234        4243.8913161092223        1.2644692816011229     
   246.50000000000000        4245.9620481416268        4244.7158157578469        1.2462323837798976     
   247.00000000000000        4246.7566067139560        4245.5283562927671        1.2282504211889318     
   247.50000000000000        4247.5396266716843        4246.3291066054080        1.2105200662763309     
   248.00000000000000        4248.3112713634810        4247.1182333355364        1.1930380279445671     
   248.50000000000000        4249.0717019487201        4247.8959008973507        1.1758010513694899     
   249.00000000000000        4249.8210774231884        4248.6622715053863        1.1588059178020558     
   249.50000000000000        4250.5595546446102        4249.4175052002347        1.1420494443755160     
   250.00000000000000        4251.2872883579794        4250.1617598740759        1.1255284839035085     
   250.50000000000000        4252.0044312206837        4250.8951912960192        1.1092399246645073     
   251.00000000000000        4252.7111338274462        4251.6179531372545        1.0931806901917298     
   251.50000000000000        4253.4075447350551        4252.3301969960021        1.0773477390530388     
   252.00000000000000        4254.0938104868937        4253.0320724222720        1.0617380646217498     
   252.50000000000000        4254.7700756372724        4253.7237269424213        1.0463486948510763     
   253.00000000000000        4255.4364827755544        4254.4053060835113        1.0311766920431182     
   253.50000000000000        4256.0931725500695        4255.0769533974644        1.0162191526051174     
   254.00000000000000        4256.7402836918282        4255.7388104850179        1.0014732068102603     
   254.50000000000000        4257.3779530380298        4256.3910170194722       0.98693601855757151     
   255.00000000000000        4258.0063155553471        4257.0337107702353       0.97260478511179826     
   255.50000000000000        4258.6255043630254        4257.6670276261584       0.95847673686694179     
   256.00000000000000        4259.2356507557470        4258.2911016186663       0.94454913708068489     
   256.50000000000000        4259.8368842263026        4258.9060649446810       0.93081928162155236     
   257.00000000000000        4260.4293324880446        4259.5120479893340       0.91728449871061457     
   257.50000000000000        4261.0131214971307        4260.1091793484720       0.90394214865864342     
   258.00000000000000        4261.5883754745510        4260.6975858509504       0.89078962360053993     
   258.50000000000000        4262.1552169279539        4261.2773925807205       0.87782434723339975     
   259.00000000000000        4262.7137666732515        4261.8487228987033       0.86504377454821224     
   259.50000000000000        4263.2641438560149        4262.4116984644561       0.85244539155883103     
   260.00000000000000        4263.8064659726615        4262.9664392576269       0.84002671503458259     
   260.50000000000000        4264.3408488914256        4263.5130635991991       0.82778529222650832     
   261.00000000000000        4264.8674068731243        4264.0516881725271       0.81571870059724461     
   261.50000000000000        4265.3862525917102        4264.5824280441620       0.80382454754817445     
   262.00000000000000        4265.8974971546058        4265.1053966844647       0.79210047014112206     
   262.50000000000000        4266.4012501228435        4265.6207059880144       0.78054413482914242     
   263.00000000000000        4266.8976195309842        4266.1284662938069       0.76915323717730644     
   263.50000000000000        4267.3867119068309        4266.6287864052429       0.75792550158803351     
   264.00000000000000        4267.8686322909380        4267.1217736099079       0.74685868103006214     
   264.50000000000000        4268.3434842559036        4267.6075336991507       0.73595055675286858     
   265.00000000000000        4268.8113699254673        4268.0861709874471       0.72519893802018487     
   265.50000000000000        4269.2723899933953        4268.5577883315646       0.71460166183078400     
   266.00000000000000        4269.7266437421595        4269.0224871495193       0.70415659264017449     
   266.50000000000000        4270.1742290614184        4269.4803674393279       0.69386162209048052     
   267.00000000000000        4270.6152424662905        4269.9315277975584       0.68371466873213649     
   267.50000000000000        4271.0497791154266        4270.3760654376765       0.67371367775012914     
   268.00000000000000        4271.4779328288832        4270.8140762081921       0.66385662069114915     
   268.50000000000000        4271.8997961057930        4271.2456546106041       0.65414149518892373     
   269.00000000000000        4272.3154601418410        4271.6708938171460       0.64456632469500619     
   269.50000000000000        4272.7250148465373        4272.0898856883350       0.63512915820228955     
   270.00000000000000        4273.1285488603016        4272.5027207903204       0.62582806998125307     
   270.50000000000000        4273.5261495713403        4272.9094884120386       0.61666115930165688     
   271.00000000000000        4273.9179031323456        4273.3102765821714       0.60762655017424549     
   271.50000000000000        4274.3038944769878        4273.7051720859135       0.59872239107426140     
   272.00000000000000        4274.6842073362250        4274.0942604815455       0.58994685467951058     
   272.50000000000000        4275.0589242544174        4274.4776261168117       0.58129813760569959     
   273.00000000000000        4275.4281266052585        4274.8553521451176       0.57277446014086308     
   273.50000000000000        4275.7918946075115        4275.2275205415290       0.56437406598251982     
   274.00000000000000        4276.1503073405711        4275.5942121185899       0.55609522198119521     
   274.50000000000000        4276.5034427598257        4275.9555065419527       0.54793621787302982     
   275.00000000000000        4276.8513777118505        4276.3114823458209       0.53989536602966837     
   275.50000000000000        4277.1941879494125        4276.6622169482152       0.53197100119723473     
   276.00000000000000        4277.5319481462930        4277.0077866660513       0.52416148024167342     
   276.50000000000000        4277.8647319119355        4277.3482667300405       0.51646518189500057     
   277.00000000000000        4278.1926118059173        4277.6837312994103       0.50888050650701189     
   277.50000000000000        4278.5156593522406        4278.0142534764500       0.50140587579062412     
   278.00000000000000        4278.8339450534513        4278.3399053208759       0.49403973257540201     
   278.50000000000000        4279.1475384045889        4278.6607578640260       0.48678054056290421     
   279.00000000000000        4279.4565079069571        4278.9768811228796       0.47962678407748172     
   279.50000000000000        4279.7609210817309        4279.2883441139047       0.47257696782617131     
   280.00000000000000        4280.0608444833961        4279.5952148667375       0.46562961665858893     
   280.50000000000000        4280.3563437130160        4279.8975604376919       0.45878327532409457     
   281.00000000000000        4280.6474834313385        4280.1954469231032       0.45203650823532371     
   281.50000000000000        4280.9343273717368        4280.4889394725024       0.44538789923444710     
   282.00000000000000        4281.2169383529899        4280.7781023016323       0.43883605135761172     
   282.50000000000000        4281.4953782918992        4281.0629987052971       0.43237958660211007     
   283.00000000000000        4281.7697082157511        4281.3436910700511       0.42601714569991600     
   283.50000000000000        4282.0399882746178        4281.6202408867312       0.41974738788667310     
   284.00000000000000        4282.3062777535015        4281.8927087628272       0.41356899067432096     
   284.50000000000000        4282.5686350843298        4282.1611544346979       0.40748064963190700     
   285.00000000000000        4282.8271178577934        4282.4256367796343       0.40148107815912226     
   285.50000000000000        4283.0817828350318        4282.6862138277647       0.39556900726711319     
   286.00000000000000        4283.3326859591762        4282.9429427738123       0.38974318536384089     
   286.50000000000000        4283.5798823667337        4283.1958799887007       0.38400237803307391     
   287.00000000000000        4283.8234263988325        4283.4450810310118       0.37834536782065697     
   287.50000000000000        4284.0633716123202        4283.6906006582949       0.37277095402532723     
   288.00000000000000        4284.2997707907189        4283.9324928382293       0.36727795248953043     
   288.50000000000000        4284.5326759550326        4284.1708107596478       0.36186519538478024     
   289.00000000000000        4284.7621383744245        4284.4056068434120       0.35653153101247881     
   289.50000000000000        4284.9882085767440        4284.6369327531493       0.35127582359473308     
   290.00000000000000        4285.2109363589261        4284.8648394058491       0.34609695307699440     
   290.50000000000000        4285.4303707972467        4285.0893769823206       0.34099381492615066     
   291.00000000000000        4285.6465602574453        4285.3105949375176       0.33596531992770906     
   291.50000000000000        4285.8595524047196        4285.5285420107220       0.33101039399753063     
   292.00000000000000        4286.0693942135822        4285.7432662355977       0.32612797798446991     
   292.50000000000000        4286.2761319775909        4285.9548149501143       0.32131702747665258     
   293.00000000000000        4286.4798113189454        4286.1632348063331       0.31657651261230058     
   293.50000000000000        4286.6804771979650        4286.3685717800709       0.31190541789419512     
   294.00000000000000        4286.8781739224305        4286.5708711804309       0.30730274199959240     
   294.50000000000000        4287.0729451568131        4286.7701776592121       0.30276749760105304     
   295.00000000000000        4287.2648339313655        4286.9665352201882       0.29829871117726725     
   295.50000000000000        4287.4538826511098        4287.1599872282686       0.29389542284116033     
   296.00000000000000        4287.6401331046873        4287.3505764185311       0.28955668615617469     
   296.50000000000000        4287.8236264731004        4287.5383449051405       0.28528156795982795     
   297.00000000000000        4288.0044033383374        4287.7233341901429       0.28106914819454687     
   297.50000000000000        4288.1825036918717        4287.9055851721450       0.27691851972667791     
   298.00000000000000        4288.3579669430610        4288.0851381548737       0.27282878818732570     
   298.50000000000000        4288.5308319274172        4288.2620328556250       0.26879907179227303     
   299.00000000000000        4288.7011369147785        4288.4363084135957       0.26482850118281931     
   299.50000000000000        4288.8689196173627        4288.6080033981034       0.26091621925934305     
   300.00000000000000        4289.0342171977109        4288.7771558166951       0.25706138101577380     
   300.50000000000000        4289.1970662765307        4288.9438031231475       0.25326315338315908     
   301.00000000000000        4289.3575029404237        4289.1079822253578       0.24952071506595530     
   301.50000000000000        4289.5155627495133        4289.2697294931259       0.24583325638741371     
   302.00000000000000        4289.6712807449676        4289.4290807658335       0.24219997913405678     
   302.50000000000000        4289.8246914564179        4289.5860713600177       0.23862009640015458     
   303.00000000000000        4289.9758289092761        4289.7407360768402       0.23509283243583923     
   303.50000000000000        4290.1247266319533        4289.8931092094535       0.23161742249976669     
   304.00000000000000        4290.2714176629806        4290.0432245502716       0.22819311270905018     
   304.50000000000000        4290.4159345580256        4290.1911153981337       0.22481915989192203     
   305.00000000000000        4290.5583093968207        4290.3368145653767       0.22149483144403348     
   305.50000000000000        4290.6985737899895        4290.4803543848047       0.21821940518475458     
   306.00000000000000        4290.8367588857818        4290.6217667165665       0.21499216921529296     
   306.50000000000000        4290.9728953767190        4290.7610829549367       0.21181242178226967     
   307.00000000000000        4291.1070135061382        4290.8983340350042       0.20867947113401897     
   307.50000000000000        4291.2391430746557        4291.0335504392660       0.20559263538962114     
   308.00000000000000        4291.3693134465384        4291.1667622041359       0.20255124240247824     
   308.50000000000000        4291.4975535559788        4291.2979989263540       0.19955462962479942     
   309.00000000000000        4291.6238919132975        4291.4272897693154       0.19660214398209064     
   309.50000000000000        4291.7483566110432        4291.5546634693083       0.19369314173491148     
   310.00000000000000        4291.8709753300227        4291.6801483416621       0.19082698836064083     
   310.50000000000000        4291.9917753452373        4291.8037722868166       0.18800305842069065     
   311.00000000000000        4292.1107835317380        4291.9255627963030       0.18522073543499573     
   311.50000000000000        4292.2280263704006        4292.0455469586395       0.18247941176105087     
   312.00000000000000        4292.3435299536241        4292.1637514651493       0.17977848847476707     
   312.50000000000000        4292.4573199909373        4292.2802026156942       0.17711737524314231     
   313.00000000000000        4292.5694218145409        4292.3949263243285       0.17449549021239363     
   313.50000000000000        4292.6798603847619        4292.5079481248767       0.17191225988517544     
   314.00000000000000        4292.7886602954368        4292.6192931764272       0.16936711900962109     
   314.50000000000000        4292.8958457792160        4292.7289862687558       0.16685951046019909     
   315.00000000000000        4293.0014407127992        4292.8370518276688       0.16438888513039274     
   315.50000000000000        4293.1054686220859        4292.9435139202697       0.16195470181628480     
   316.00000000000000        4293.2079526872658        4293.0483962601584       0.15955642710741813     
   316.50000000000000        4293.3089157478335        4293.1517222125494       0.15719353528402280     
   317.00000000000000        4293.4083803075255        4293.2535147993249       0.15486550820060074     
   317.50000000000000        4293.5063685391970        4293.3537967040093       0.15257183518770034     
   318.00000000000000        4293.6029022896255        4293.4525902766827       0.15031201294277707     
   318.50000000000000        4293.6980030842460        4293.5499175388168       0.14808554542923957     
   319.00000000000000        4293.7916921318210        4293.6458001880446       0.14589194377640524     
   319.50000000000000        4293.8839903290445        4293.7402596028678       0.14373072617672733     
   320.00000000000000        4293.9749182650748        4293.8333168472891       0.14160141778575053     
   320.50000000000000        4294.0644962260130        4293.9249926753864       0.13950355062661401     
   321.00000000000000        4294.1527441993112        4294.0153075358176       0.13743666349364503     
   321.50000000000000        4294.2396818781199        4294.1042815762630       0.13540030185686192     
   322.00000000000000        4294.3253286655709        4294.1919346478053       0.13339401776556770     
   322.50000000000000        4294.4097036790045        4294.2782863092461       0.13141736975831009     
   323.00000000000000        4294.4928257541314        4294.3633558313604       0.12946992277102254     
   323.50000000000000        4294.5747134491430        4294.4471622010951       0.12755124804789375     
   324.00000000000000        4294.6553850487489        4294.5297241257003       0.12566092304859922     
   324.50000000000000        4294.7348585681730        4294.6110600368083       0.12379853136462771     
   325.00000000000000        4294.8131517570800        4294.6911880944517       0.12196366262833180     
   325.50000000000000        4294.8902821034562        4294.7701261910242       0.12015591243198287     
   326.00000000000000        4294.9662668374240        4294.8478919551835       0.11837488224045956     
   326.50000000000000        4295.0411229350129        4294.9245027557035       0.11662017930939328     
   327.00000000000000        4295.1148671218643        4294.9999757052647       0.11489141659967572     
   327.50000000000000        4295.1875158768971        4295.0743276641942       0.11318821270288026     
   328.00000000000000        4295.2590854359078        4295.1475752441538       0.11151019175395049     
   328.50000000000000        4295.3295917951291        4295.2197348117706       0.10985698335844063     
   329.00000000000000        4295.3990507147291        4295.2908224922194       0.10822822250975150     
   329.50000000000000        4295.4674777222699        4295.3608541727517       0.10662354951818998     
   330.00000000000000        4295.5348881161035        4295.4298455061744       0.10504260992911441     
   330.50000000000000        4295.6012969687326        4295.4978119142806       0.10348505445199407     
   331.00000000000000        4295.6667191301121        4295.5647685912281       0.10195053888401162     
   331.50000000000000        4295.7311692309131        4295.6307305068703       0.10043872404276044     
   332.00000000000000        4295.7946616857307        4295.6957124100409        9.8949275689847127E-002
   332.50000000000000        4295.8572106962492        4295.7597288317893        9.7481864459950884E-002
   333.00000000000000        4295.9188302543625        4295.8227940885708        9.6036165791701933E-002
   333.50000000000000        4295.9795341452518        4295.8849222853887        9.4611859863107384E-002
   334.00000000000000        4296.0393359504142        4295.9461273188945        9.3208631519701157E-002
   334.50000000000000        4296.0982490506449        4296.0064228804404        9.1826170204512891E-002
   335.00000000000000        4296.1562866289905        4296.0658224590888        9.0464169901679270E-002
   335.50000000000000        4296.2134616736412        4296.1243393445793        8.9122329061865457E-002
   336.00000000000000        4296.2697869807962        4296.1819866302521        8.7800350544057437E-002
   336.50000000000000        4296.3252751574764        4296.2387772159291        8.6497941547349910E-002
   337.00000000000000        4296.3799386243072        4296.2947238107508        8.5214813556376612E-002
   337.50000000000000        4296.4337896182487        4296.3498389359802        8.3950682268550736E-002
   338.00000000000000        4296.4868401953008        4296.4041349277550        8.2705267545861716E-002
   338.50000000000000        4296.5391022331532        4296.4576239398102        8.1478293343025143E-002
   339.00000000000000        4296.5905874338132        4296.5103179461530        8.0269487660189043E-002
   339.50000000000000        4296.6413073261801        4296.5622287437063        7.9078582473812276E-002
   340.00000000000000        4296.6912732685951        4296.6133679549075        7.7905313687551825E-002
   340.50000000000000        4296.7404964513462        4296.6637470302749        7.6749421071326651E-002
   341.00000000000000        4296.7889878991391        4296.7133772509314        7.5610648207657505E-002
   341.50000000000000        4296.8367584735324        4296.7622697310990        7.4488742433459265E-002
   342.00000000000000        4296.8838188753380        4296.8104354205479        7.3383454790018732E-002
   342.50000000000000        4296.9301796469863        4296.8578851070188        7.2294539967515448E-002
   343.00000000000000        4296.9758511748560        4296.9046294186037        7.1221756252271007E-002
   343.50000000000000        4297.0208436915700        4296.9506788260960        7.0164865473998361E-002
   344.00000000000000        4297.0651672782597        4296.9960436453039        6.9123632955779613E-002
   344.50000000000000        4297.1088318667953        4297.0407340393322        6.8097827463134308E-002
   345.00000000000000        4297.1518472419848        4297.0847600208281        6.7087221156725718E-002
   345.50000000000000        4297.1942230437353        4297.1281314541993        6.6091589535972162E-002
   346.00000000000000        4297.2359687691942        4297.1708580577942        6.5110711399938737E-002
   346.50000000000000        4297.2770937748437        4297.2129494060528        6.4144368790948647E-002
   347.00000000000000        4297.3176072785836        4297.2544149316282        6.3192346955474932E-002
   347.50000000000000        4297.3575183617641        4297.2952639274736        6.2254434290480276E-002
   348.00000000000000        4297.3968359712044        4297.3355055489010        6.1330422303399246E-002
   348.50000000000000        4297.4355689211743        4297.3751488156086        6.0420105565754056E-002
   349.00000000000000        4297.4737258953446        4297.4142026136824        5.9523281662222871E-002
   349.50000000000000        4297.5113154487208        4297.4526756975629        5.8639751157897990E-002
   350.00000000000000        4297.5483460095329        4297.4905766919865        5.7769317546444654E-002
   350.50000000000000        4297.5848258811093        4297.5279140938983        5.6911787210992770E-002
   351.00000000000000        4297.6207632437190        4297.5646962743358        5.6066969383209653E-002
   351.50000000000000        4297.6561661563846        4297.6009314802877        5.5234676096915791E-002
   352.00000000000000        4297.6910425586757        4297.6366278365231        5.4414722152614559E-002
   352.50000000000000        4297.7254002724676        4297.6717933473928        5.3606925074745959E-002
   353.00000000000000        4297.7592470036816        4297.7064358986081        5.2811105073487852E-002
   353.50000000000000        4297.7925903439946        4297.7405632589907        5.2027085003828688E-002
   354.00000000000000        4297.8254377725243        4297.7741830821979        5.1254690326459240E-002
   354.50000000000000        4297.8577966574994        4297.8073029084235        5.0493749075940286E-002
   355.00000000000000        4297.8896742578836        4297.8399301660720        4.9744091811589897E-002
   355.50000000000000        4297.9210777250028        4297.8720721734080        4.9005551594746066E-002
   356.00000000000000        4297.9520141041239        4297.9037361401852        4.8277963938744506E-002
   356.50000000000000        4297.9824903360304        4297.9349291692470        4.7561166783452791E-002
   357.00000000000000        4298.0125132585608        4297.9656582581056        4.6855000455252593E-002
   357.50000000000000        4298.0420896081305        4297.9959303004989        4.6159307631569391E-002
   358.00000000000000        4298.0712260212331        4298.0257520879240        4.5473933309040149E-002
   358.50000000000000        4298.0999290359123        4298.0551303111451        4.4798724767133535E-002
   359.00000000000000        4298.1282050932241        4298.0840715616851        4.4133531539046089E-002
   359.50000000000000        4298.1560605386630        4298.1125823332904        4.3478205372593948E-002
   360.00000000000000        4298.1835016235800        4298.1406690233780        4.2832600202018511E-002
   360.50000000000000        4298.2105345065720        4298.1683379344568        4.2196572115244635E-002
   361.00000000000000        4298.2371652548563        4298.1955952755325        4.1569979323867301E-002
   361.50000000000000        4298.2633998456158        4298.2224471634891        4.0952682126771833E-002
   362.00000000000000        4298.2892441673384        4298.2488996244529        4.0344542885577539E-002
   362.50000000000000        4298.3147040211243        4298.2749585951315        3.9745425992805394E-002
   363.00000000000000        4298.3397851219797        4298.3006299241388        3.9155197840955225E-002
   363.50000000000000        4298.3644931000899        4298.3259193732965        3.8573726793401875E-002
   364.00000000000000        4298.3888335020738        4298.3508326189194        3.8000883154381881E-002
   364.50000000000000        4298.4128117922246        4298.3753752530802        3.7436539144437120E-002
