   0.0000000000000000        1.2749999999999999     
  0.10000000000000001        1.2749999999999999     
  0.10000000000000001       0.96499999999999997     
  0.20000000000000001       0.96499999999999997     
  0.20000000000000001       0.82399999999999995     
  0.30000000000000004       0.82399999999999995     
  0.30000000000000004       0.76300000000000001     
  0.40000000000000002       0.76300000000000001     
  0.40000000000000002       0.73999999999999999     
  0.50000000000000000       0.73999999999999999     
  0.50000000000000000       0.70899999999999996     
  0.60000000000000009       0.70899999999999996     
  0.60000000000000009       0.73299999999999998     
  0.70000000000000007       0.73299999999999998     
  0.70000000000000007       0.64500000000000002     
  0.80000000000000004       0.64500000000000002     
  0.80000000000000004        1.0880000000000001     
  0.90000000000000002        1.0880000000000001     
  0.90000000000000002        2.2580000000000000     
   1.0000000000000000        2.2580000000000000     
