   0.0000000000000000        1.2819799999999999     
  0.10000000000000001        1.2819799999999999     
  0.10000000000000001       0.93654999999999999     
  0.20000000000000001       0.93654999999999999     
  0.20000000000000001       0.81911999999999996     
  0.30000000000000004       0.81911999999999996     
  0.30000000000000004       0.80584999999999996     
  0.40000000000000002       0.80584999999999996     
  0.40000000000000002       0.70999000000000001     
  0.50000000000000000       0.70999000000000001     
  0.50000000000000000       0.71294999999999997     
  0.60000000000000009       0.71294999999999997     
  0.60000000000000009       0.72113000000000005     
  0.70000000000000007       0.72113000000000005     
  0.70000000000000007       0.66981999999999997     
  0.80000000000000004       0.66981999999999997     
  0.80000000000000004        1.0948199999999999     
  0.90000000000000002        1.0948199999999999     
  0.90000000000000002        2.2477900000000002     
   1.0000000000000000        2.2477900000000002     
